# Sidon set in GF(2)^14 (OEIS A394031), size 88. Generated from the Vela record.
# Elements as integers; Sidon = all pairwise XORs distinct.
171
189
626
702
810
851
1281
1454
1568
1800
1856
1864
1893
1928
2382
2903
2929
3019
3090
3160
3493
3560
3952
3958
3962
4732
4740
5115
5175
5263
5359
5704
5748
6032
6193
6298
6331
6595
6837
6866
7120
7334
7467
7528
7625
7661
7745
7900
8058
8295
8365
8955
8988
9120
9261
9308
10050
10077
10274
10654
10876
11273
11334
11421
11498
11882
12114
12155
12179
12205
12989
12990
13218
13468
13749
13833
14290
14712
14893
15120
15166
15382
15424
15803
15866
15937
16146
16336
