# A309370 a(18) >= 1010: Sidon set in {0,1}^18, agent-FunSearch priority+seed cascade
010101110110100100
001001110001110010
110010010111000100
010110100110100010
100110101101100000
010011111001010000
011101101010010000
011010011101000010
100010101010011010
011111000011001000
110011001100110100
110110011000010110
110010000110111000
001100100101101110
110011011001100100
011000101001110010
010111110010100100
101011111011000000
101010010100001110
110111010100100100
101100110110101000
111000011100100010
010011010000111100
111110000100101010
111001101000011000
111110100000011010
011010110100101000
110101010010010110
011001000101111010
001011000111011000
000110011110101000
111001001000101010
000011010111010100
111000100101011000
010010101010110010
100100001110100110
111110011100001000
101101101111000000
000101011110011010
011110000100001110
001100101001110100
101001110010011000
100000011101111100
001111101100110000
100110111110000000
001100010101011010
110011000101101100
101001010001001110
110100110110001100
011010000011101100
110011111010001000
000001111111100000
110100110001010010
100111010101000100
011110000100011110
110101000110101100
101010011010100110
011100100001001110
110101001111001000
101110101000000110
101111100001000010
110011000010111010
001100001101101100
100010111000111100
001111101100100100
011010101001001010
001101111101010000
100011001101110000
101100111100001010
010110100101001110
001110000111011000
111011000100010010
101111010100100000
100000111001101010
010011101000110100
000101100110011010
110000011101011100
111100010010010100
000101011101101010
011011000011100110
011110001000001110
010011110110100010
000010101111001110
010111101000100100
001111001001110100
010011001101100110
001101101110010010
000110011011100100
011011101100001100
101010111001100100
100011010010110100
110101110100110000
100111000111100010
000011110010101110
100011111001011000
000010011001111010
010010001011110100
111100011001000110
110011000110101100
100110100000111100
111010100010110010
010010111011101000
000011101110011100
001000011111001100
010011101100011010
101111101100000010
110100111110001000
100001011011100100
111101001010001010
111100111100000000
110101101100010100
100010111111010000
000011010010101110
011110001011100000
011010111110000000
111000001000110110
111010100110000110
111010111000010100
111000110011110000
001101000101110110
010111000100110010
110000111100100110
110110010110000110
001101100011101100
010100101111000100
001000110100101110
101011110001000100
010101100110100010
100111010010111000
001110011010100010
111010101001110000
110100111001000010
000010011011101100
111001011011100000
100111110100010000
001000011101110010
010001110111001100
110111000010010100
010010110110011100
001011001010101110
010001110000101110
110100110000001110
100101100001011110
100010011011010100
100010110001111100
000011111100110000
100011101011001010
010001111011001010
001100111001011100
001001001101110100
011001110110100100
001110100011010100
001011010111000100
110000100110110110
000111110100011010
001000011011111100
101101001011101000
100011101010110000
100100001111001110
101000010111101010
110100111011010000
110010101111000100
110011100010011000
110101110001000010
010111000001011100
011010011011010010
001010111001110000
011011100001011100
011110000010110110
100111110111000000
011101000011010010
110111010100100010
101101001001100110
101011011100100100
111000001010100110
011111000101001000
110001001011010100
101100110000110100
110000000110011110
010010111100011100
101011101010010000
110011001010001110
111011110000001100
111011100110100000
011011100011001010
001010101011011000
010110100010110110
001101011001011010
100101001001011110
100101000101001110
001010101101001100
000111110001100010
011000101100100110
011101000111110000
111110111010000000
101110010011000100
000100011111001010
001111101100010000
000001110101111100
110111000101100010
001011111110000000
011010100100101100
111111010000000010
100101110001110000
010100110100101010
100100100100110110
011011001010010010
011110010101100010
101110001010110010
001010111010010100
101001111000010100
001011101110001000
011001000101111000
111100001010100100
100010111100011100
011010001001011100
011101010100000110
011101111001000100
101110011010000110
101000101010011110
000100101101011010
110111001011000010
001110011001000110
010011101011110000
101101001010010010
000010111001011110
011010101011110000
100001110101100100
000010010110011110
011101110000110100
001100100100111110
010000101110111010
000111000110100110
000110111000110100
110110010011001010
101100011000011100
011000011001101010
010100110101100010
010100110011111000
110101110000110000
111000100010011010
101111011010010000
100100001110111000
110001010110010010
110001111011000010
100010010100111110
010101011001111000
011100101000101010
011001100100011100
111000110010001100
001010011010111010
101100011000111000
000110001000111110
001100100011011110
011001101010001010
101110000110001100
001011100110110100
000010010110110110
011011010100101100
001101011100001100
010110110011001000
010011001011100010
010110000001111110
000111100110001100
010010011011011000
111001010110001100
110110101100000110
010110111010101000
100110110101011000
110001001010010110
001111010111000010
110001100110000110
110110000111011000
101100000101011010
100011011000011110
101100100110001100
011100110001001110
001001100111110100
011001011100010010
010101110011001100
100000011111110000
100001101111001000
111101000000111000
011101110000011010
010110101110010010
011010110101100010
001110110111000010
110101101100001000
101001110001111000
110000110010110100
000001101111000110
100001010111100110
001110001011001110
101000010101100110
100001010111010100
000101101101010100
010001101100101100
101101000011100100
001011010001101010
011100010110010100
000001101111010100
101000101001101100
101001101101000110
000111110010001010
001110100100110110
000011110110010110
001111010010101100
111000111010010010
010101011101110000
011010001110101010
010011011101000100
000011101001111100
101010011101010010
001110011010011100
001001100101111000
100000101100101110
001011110000111100
111100101010010010
000001100111111100
000101000111101010
010111010010101100
010101010010010110
000101000111010110
111010101000100110
100101001101101000
100010001110111010
110010100101110000
100010100011001110
101010110000111000
111111011001000000
101001110001001010
011011010001010110
000100111111010010
100110010000111100
011110010100001100
110111001100110000
100100010110111000
101010100101100110
001011010110111000
111011000111000000
101001001110001010
110110001001011100
010000011111101000
101100010101110000
001110111010100100
001110011110011000
000111100001001110
110100101101110000
000101110011011100
000100011010101110
101111001011000100
001111000110101010
010110001000111010
011011001011100100
001111010010110000
011100111000110000
001000111110010110
110111001110000010
010110101011011000
000101110010100110
000101101000110110
000011010111011010
000011101101001010
010000010011111010
111110010101000100
100100100001101110
111001000110110100
001011100101011100
100100110011110010
000010111100101110
011110100001100100
001110101000101010
110101101010100010
110001011001011010
100001100111101010
110110101000101000
011110100101110000
101001011100110000
100101110100111000
010100100011110100
010101001110011100
011000010111001100
011101101011001000
111000010101011010
110001001110101100
010011100001001110
000001111110001010
001001111010011000
100010110011100110
111000100110011100
101101101010101000
010101010101001100
100100101101100110
011000110011100100
110010100101010010
000010001111111010
110111101000000100
001010001110010110
100110100110010010
100100011101010100
101000110101010110
010000110111100110
110101110010001000
011000000111101010
101011100100011010
000010001011011110
001100101110101000
101111010000011000
100110011101101000
001010010110110100
000101111010011010
001101011000001110
101111100000100010
110111101010100000
010101011101000110
010100010000111110
011001000111110000
110101000111010100
001111000110011100
011100011010001010
100101011000110110
011101011000100010
100001100010111010
010110001011000110
110101010010110000
001111100001010110
001000110110111010
101001011110101000
110001110101000110
101000100111110100
110000111101000100
010110011101011000
100101011100101100
101100100111001100
011011110011000000
000101011100011110
100101000010111110
100011110000101010
111000101010000110
100011000110101100
000011110100100110
111101010010010010
100000010111011110
101101111000000110
111100010110100010
011001100101010010
110010111000100010
001011110011001100
011000010001111110
001100101010001110
000110100001110110
101011001110010100
100011000001111100
010111111100000010
010001011100011100
100101000011011000
011010010101000100
000110101110000100
111010111011001000
100111101111000010
101100101001011110
100010110111001000
001101001100111110
011000101100101000
111000110110011010
100111100110000000
010110010100110000
110010001101100000
101101101000100000
110011010000000110
101110101010101010
100000111111110010
100010100001011010
000100111111011010
110110100000101000
011001110000000110
001011011000010100
010100100101101000
110111100010011100
100110000011100010
001100011110110110
111000101010111100
001100000001011110
010000101011000110
111011010100100110
011000001011001100
110010111011000110
100101111010010110
101011111000110010
011110100101110100
110010011001111100
001110111100110010
100111110001001110
011001101010100000
001100111111000110
000111001100011000
011001011110100110
111110001001101100
110010100101110110
010010000001011110
001010010111100000
111101010100001110
000111001111101100
100001001111111100
010100011000100110
100101110101100110
011001111001110010
101100001001010100
110101001101011010
001010010001110010
011100010111011010
101001001111011010
100111000010100010
011101110011100010
101111100111010000
111000000101110000
111001101101100010
010000011100011010
010001111000010010
010011100110111100
100000111010100100
101000001101100010
100011001100000110
011100111001101100
001111110011101000
001001111001100000
111010110001011100
100100110100000110
100010110101000010
101010000111110110
001000000010111110
110000010100011100
100100100011001010
010010110110010010
110001110110000000
010011011010110110
011110110110101000
001011010100001010
111100011011110000
000011001100101100
111010011001101010
011011101110010010
011110010110011100
011100101000111110
111001110010101100
000000010110110110
101000000111101000
111001001101000000
110110100010000100
010011000011110000
011010010010110000
111001000110000100
011110000000101100
010101101011101100
111000000100110100
011001110111011000
000100110011001100
001001100100010110
101000101011010000
110110100000000110
110101010101011100
010110001110101110
110100010101111010
100000011001001110
000100111110010000
100011011011101010
100101000010101100
111000011011010110
000011101000110010
101011011010011100
101101010011110100
110100001110010000
110111011001001100
011100110010000000
001100000001100110
000001111000000110
000010101101000100
100010010011010000
111001000001000100
010110010111110110
100110110000101000
001010111011110110
010001100011000100
111000001111111010
110110111101001100
101000000111010000
000110011110000000
011101001011011110
000000101011001010
111111001110010100
010100100100011000
011101110101011100
010010110000101000
000110011001001000
000011000100011010
100100101001000010
000010011010010100
101011111010011010
010011111100011110
110001000000110010
010100101000010100
000011101101000000
111111100001010110
110101111001101010
111110101111010000
110100100111111100
101010000011001000
101000000010011010
111011001111001010
100010110111011110
111000110010000000
010011110111111000
101101101110110010
010111110001101110
000001001010100110
010001111110101110
101101101110011100
011011011101111000
001001010000101100
010010000111000010
101101100000010010
111111101100011000
111110110100110010
110010101111011010
111001110100101110
010000010111001000
101110001101110110
001101100000001100
011100111001110110
110011111110100010
100100101000011000
111001111000111100
111100100011111100
111010101110001110
111111000011111000
000011100001100010
001111100111010110
110001001000001010
000111001000001010
011111001001110110
100111100110101110
110100011111110100
100101111101110100
011100011000001000
001000100110100010
010100010101000010
110101011001110110
111101101101100100
101111110110100010
010101101111011010
011011000101111110
011111110001011010
011000001000001010
100001000101001000
010011011011111110
001100100000010010
001111101111001110
010010000101000010
010011111011111100
011111111010101010
100111011111110010
101111011011110100
000101000010101000
100110110011111110
000101001000000110
001000010010101000
000101001101000000
100111011111101010
101101110111110010
100100010000100010
101001111111101100
101110111101000110
010111101110111100
111110001111100110
111100111100111010
111110110011101010
011011111101110100
111111101110001010
000010100010000110
010100001000101000
111110010001011110
010010000010100010
000110100001010000
111101101010110110
110101001111111010
000001010100110000
010000001101010000
110110111010110110
100010011000001000
111000011111011110
110000010001001000
000000101100100000
001011111111011110
101111110100111110
111101011110111010
111011010110111110
000000000001111000
011101011111101110
001000001010001000
100000011100000000
000001010101000100
000000000100111010
110100111111011110
000010101100000000
111111110111010100
111111111101101000
100001000000010100
101011111101101110
000000111100000000
000000000111000000
000001010000000000
111011111111111010
001011101101100001
110110100100010011
001100111000110011
011000011001001111
011001010011100011
001010011010011101
000001010101110111
100001110010101101
101001001100101011
011100000001110111
000011011110010101
110100011000010111
011100011000101101
010111001001010101
100111111001000001
111000001011000111
010010110011101001
110011011010000101
010100101001011011
011100101100100101
011111000011100001
011010101001110001
100101100101101001
100011110010001011
011110010010110001
110111000100100011
101011000110001101
011010100010011101
001011001010110101
000111100011010011
110100010111000011
110000010110101101
000000101101011111
110010010101000111
000001111011010011
001100110100011101
000000001111110111
000111001111000011
111010100100011001
100110000000111111
000011011111001001
000110010101110011
111100001001011001
101001100010101011
000001101110110011
000010001101111101
000101001100111101
000111010010101011
000010111111100001
010100110100101011
011100100110011001
010101111010000101
010110110100110001
000010010010111111
101011100011000101
101110101100000011
100010111001000111
011000011011010101
100111010100001011
101110100100001011
001000000111110111
001001011001010111
001111100000110011
010011011000011011
000101101010001111
010001001110100111
110000111101010001
110111100001010001
101001010100111001
101111001001000011
001000100011111011
110001100000101111
110010101111000001
100100101011101001
011110001000110011
111010001000101101
111100001010001101
110100000011110011
111101001010100001
010000100011110111
011011001000011011
000111110010000111
100110010001001111
101011000101100011
000110001011110011
111000101100001011
100000010111010111
001101101000101101
110100100110010101
010111100011001001
001101010010110101
010011001110101001
101000111010100011
001111100010101001
101000100011111001
001101100001100111
010000110110001111
110001100001110101
101100110100100101
110010000101010111
101011111000101001
001100011111100011
000101011011101011
101001100110010001
100110001111000001
111000001110000011
110001000110100101
011110110010100011
001110100101111001
100010111011000001
010110011001011011
111011001000111001
010001110000001111
100011101001110011
010101000000111101
000110100101001101
111001010000100011
101000100001011011
101101011010100011
100100101110101101
010101000101100101
001011000001101101
111000001100111011
000000111111001111
100011110011010101
000010011110010101
100010111100100111
001110011111001001
110100110110001011
110010000111101011
011001101101001011
010000101010111001
111100110100010101
010111000110011011
110011010000111011
011110111100010001
101010101101101011
011111011100001011
000000000101101111
111110110011100001
001001111000101111
010110100100101111
011100000101000011
011111011000000111
101110011001101101
011001010101010001
111001100101101101
100011101101111001
010001011100000101
010111010010011111
010010100100010101
100000111011111101
100001010111101111
010001100000011011
010010111110011011
110100001010010001
000100001101001011
111000110101100111
011101000110110011
100010000001100111
001011100000001101
001011110111001011
101110000101010111
011110111101000101
101111010001001111
011010110011110101
110011001111001101
111001010010110111
000000011110010011
110101110111000011
100000001100011101
000101111110111001
011100101001111101
001010101110101111
101111011100011101
111010111011011001
010100111011101111
010101100100000011
111010011101110101
001111011010111011
101001110011110101
101110010111111001
000100101001010001
110111111010110001
100010000000110101
110111011110001101
000111111001110111
001100000101010001
101010110101111101
110010101110110111
100101111011011101
010001001001100001
110101101110111011
011111110000111111
011011010111111011
011111011011110101
111001110001111111
111110001101110111
111011101011101001
111111001100101111
001000110000001001
111101100011111011
111111100111001011
100000100000100101
000000100010100001
110110111110001111
101101110111101111
011111101011111101
110001111011111111
011010101111111111
110011111111011111
001111111111111011
000100001000000101
101110011111111011
111111111110100111
111111111011011101
000000010001000011
111111110111111101
100011000100011111
101010001100011101
101010000110011011
111101000001000111
001101111100001001
101001101110000101
101000010110010111
100100110011100101
010001111010011001
010110001101000111
101110100010000111
111001000100011101
011000101110010101
100111011100100001
101000010111101001
110100111000100101
011001010110101001
001011110000010111
101001011001101001
101000111110000101
010011010100110101
010100011010110101
110100001001101011
001110110001001101
111001000001110011
011110010100101001
011001101001011001
010011100001101101
000010110100110101
101110101000001101
100100100111010011
110011110101001001
000111010001010111
000100110111000111
111010010010010001
010110110100000101
111001011100000101
001110010101010001
101001011100010011
111000110011100001
111011100101000001
000000101010111011
110001010010001101
001001111111110001
010110111110010001
110010000010100011
011000010011011001
110001111100101101
111100000111001101
100000011110111101
001111110100000111
100101001100001101
100111000000010011
110111111001010001
001101010000010011
001101011101011101
000011010010110001
010111011111010011
101000110100000011
001011101100110111
111110011110100001
100110101110011111
011101011010011111
010011001111010111
011101000010000001
001011111101110101
101000000100110001
001010110111011111
101111101101011101
110001000000000101
110010000010000001
110001011111100111
011101111111010001
100110011111011111
101111110101110011
111100011011111011
001000000101000001
100110111101111111
101111111110011011
000000001000001001
