# A309370 a(17) >= 670: an explicit Sidon set in {0,1}^17
# 670 vectors, one per line (n=17 bits). Sidon: all pairwise componentwise sums distinct.
# Verified by scripts/verify_construction.py:verify_sidon. Found by scripts/sidon_fast_search.py.
01101110011110000
11011111111010101
00001010000100000
00011101100010000
00101010110010011
00101000010101001
01100000100100100
10111101011010011
00000110010001000
10110001111100000
01111000001001100
01110101001101001
10000011110110100
10001100110010110
10110010111011010
00100001111101110
01100011101010000
01110101000101111
00000100000001010
01010011010111000
11110011100100001
11111110101000100
10010000111001010
11011111100001011
10110001010001000
00101100111100110
11111000110111111
00011010000111111
10111100100111100
10101000011111001
00001001011110000
11110111111000011
10010101100110100
01011000010100100
01100011110101000
11000011011100101
10010101001011110
01111011101001100
10010110010000100
00101111101000101
10101010111111111
11101100111100101
10000100111000001
00100011011101111
11100101110111011
10000010011001100
01100100001111000
11001011011000010
01001001100111101
10000101001011110
10001011100000001
10000001011111011
10000101110001010
00110100111011100
10001000011100000
01111111100100111
11111101111001111
00100010100001110
10000101010110110
10110101111101011
00110010011110101
10001001110111001
01101111110110101
01110011111001011
11001110111111101
10011100000001001
10011111011111011
11111000111011110
00111101011011001
00101011011000110
00101100000001000
00011011111001101
00111101000101010
11010101110001101
01101100011111011
01110101000000110
00101111110100011
01001100100011110
00100001000101000
00110000011100100
01111001101111011
01010111001010011
10000001111011000
10101101111011001
01111000011010100
10000101100000101
00001000010100110
00001010011111011
11000101101011101
01001010111011100
11011011000101011
10000011100111101
11100000100101010
01110100001100000
00000110111011000
00101110011000000
00010000011100110
00000001111100010
11100011100010100
11111110000111100
11101010101110011
00010011001101000
11000110101010110
00011100001111001
00101010100000101
10000111001000001
11010011110000000
00010110101100110
11110100100100100
01100011000000111
11010001111111001
00010100001001100
11010110010001000
01000000100001000
11111110111011100
00001011000011010
00010101011010000
10111010000110000
11000011011001001
01111011101111101
01101010110011011
11001011010001110
01100011100011110
10101101011010111
11001010011100110
11011011100000011
00110000100010111
11001101100000100
10000111111100001
10101110000001000
01001000011010110
10110010010110000
10111110111110011
00100111111001110
00000100101000001
11110000110000110
11001111110010001
10111010110111101
11110101101001000
10101110011110010
10111011001010110
01010100100100111
10000110010011001
11101001101010000
00011100011011010
11110101001101000
00001101101011010
10001100001110110
11010000101010001
00011011001101101
10110000111000100
10000110111000011
10100111011101100
00001000110011101
10101100100111000
10011011011001001
00000101000001011
00100011101110010
10111110101111110
11011110101111000
10001110101001010
11011010001000011
10001111001111100
10110000001110111
01011001010001110
01010010100001101
10111100100101001
01010000110101101
00001110011010011
10010010111100010
00110001011011001
00001110111110000
01000010001100001
11110001111111000
01111111001111010
00011000101110000
11011000111001110
11011101101110011
10111100011101101
10011100101011011
10111000000011001
10011100000000101
00100101111100110
00110011101001010
01100100110001010
10100001110010000
11001101001000010
10101011001011111
00011110000010101
10000000100100000
00101011111010011
01001101110010111
10001101000000010
00000110110111011
00000010001001110
00011110110110001
10010010100111000
00101000000100101
00010010110111010
11011001010111010
00101001001001011
00111110000001011
00011100111010000
10010111000110011
10011110000000000
00010110111100100
11100000110000001
10011000000100101
10010100101100011
01010001100001010
10000001010011110
01001100110111011
00101110011111011
10001011001101010
00100110110101001
11010110010011001
00000000110110010
11000000101100101
01101100110010010
01110000111111111
00011111100011000
11011101100110000
00110101010111000
01011111001011000
01100001011011011
00111100011011110
10001101010101110
00100110000000000
11101111010101001
11010111101011000
01001101111000011
10110011110001011
11001001101000010
00111010101101001
01011000010000010
10101110000000101
11000000101111110
10011101111001111
01111011000110010
10100110000101001
00111010011100101
10000001000100010
11001110100010010
00011111110100010
00011011000110111
00110011110010111
10110011000011101
10101111001000111
00111000101010011
00001111010100011
00010001110100111
10011001011010010
11011111010110101
11111010001100001
11111110001001001
11101010000010111
00010001111001010
01001000010111101
11111100111001100
00110010100111110
00100011010101000
01001011001010100
01111010000001111
00011100111010010
01011000110001000
11100000000110010
10101011101110000
01011011011001011
01010110100100001
11000111001101111
11101011111000101
11010001010100101
00111111111010110
01010010001111010
00100000011011101
01001100011101101
00111010011101010
10111111110010110
11101001110010111
00000111101000011
00010110111101011
00010000001111101
01011110000100101
11001010001001100
01101110001001110
11001111110001100
10010100000101000
11000100111001010
00111001110001010
10100111010000011
10000100000110101
11001000010100011
11101111111001000
10101111111001000
01011011001000100
00101100010111010
11011011000110100
10100001110110001
10011111100101101
10011010110101010
10011100100000110
00111101100111110
10011000100111011
00101111011101110
10010111100110010
00100001000110111
11000100110001001
11110111101100110
10100011011000010
01101000101001101
00100010111101100
10001111000011111
01011110011000111
00101000100101111
01110111000011011
00000100000111101
00111100000010100
10010011011110000
01010010111000110
10000101001110000
11100000011100110
01010101011101110
01010110111110110
01001011110110011
10111000011100010
01011100110101111
10011111000011110
00001011110011000
11101110011011111
10100010001010011
10010111111111100
10001100100101110
10101000011011110
11011010011111100
00100101001010110
01000001000011101
11100011010010011
00101101111111001
11010111111000100
11000010111111000
01101000101101001
11100000111000101
10110111000000111
10001011100110101
10000100111011100
01100101010110100
11110001000011000
10011110110111001
01111111110001010
01001000001001011
11010000100110101
00010111110010111
11001111011010110
11111001010010111
10011101010011100
10110011011001111
10111010001101010
11010010000011111
10010101010111110
10100010101001010
00011110010100000
01110111011011100
00001110111100101
01000101100111111
10110111010110111
11011111100101010
00001100111000111
11001010010010100
01010111000000001
01001111101110010
11101000001001010
10000000011101110
01001001001101100
00001000001011011
11010100010110000
10101001110101010
11000011010111011
00010001101110100
01100110110100111
00011101111110100
10010100101000110
10111101111011100
11111111100110101
11100010010101011
01010111011001101
01101101000101100
10101100010000010
10000111001111101
00111011111110001
01000111001110111
01100110000011011
10001011001101111
01100110011101010
10010010111011101
11001101110111100
00111011110000100
11001001001101101
00111111100001000
11111010011110001
11010110011110011
11100111110011100
01110011000001101
10001010101100011
00111110101100101
01000101001111000
01010110100110110
10000000000111111
10111010011100011
10111100101110101
11110110001000010
01010100010010110
10111001000110000
01010001001000011
00001100011010100
11110101011111100
00110001011000100
11101010011111110
10110101010101000
00110010010110110
00001101011110011
01110000001000010
00010000000010001
10101000101110100
11001110000010110
00000001110000001
10011001101001011
00100010111011011
10110001000010001
01011010010101101
01010001101110111
00110111110101010
10001110111110000
00010100000010111
10011001010100111
01101101011010100
00000011101101110
11110001100101101
00001101111110111
00011010001101111
01001000100000001
10100110100010000
01111111110111000
01100111001100011
10010011110101111
01111100110010000
01101001001110011
00101101000100000
11101001010000100
00000110111101001
00100111100001101
00111001000000000
00011101001001101
10011100011000001
11011001010110010
11100110001101100
01010011011110110
00000001000000111
11110001111001100
11110110111000111
10000011011110110
00111111111111110
01011111010000011
01001101110011100
01010100001111011
01001000010010001
00000010000011101
01001000100000111
01101011101101110
00101110010000100
01111110101011001
10101101010100111
11110110100000001
01001011001010010
11101101000111100
10000110101100111
11010010100100000
11010001001001001
00010000000010110
11110111100010011
00001010111011110
01110011111010110
10000100110011100
11111011111010110
01111101101010111
11000000110110110
11000110000010101
11100100011110001
01101100000100110
10110111100011111
11111010101010010
01100101010111110
11101111111101110
00000111011101010
00111000111001011
01001110011111000
00011101010000001
01011100001111110
11011100001011001
11000011111010010
00100110101111110
11111100110000100
00001011110110001
00100000101100001
01110111001110011
01100010010010000
00000111100011011
01110010011101011
10101010101111001
10001001000010001
10100111000111010
10101100101101101
11110000001001011
11011000100100010
01101000110001111
00000111010010000
01000101000010010
10011110010001110
11110100000011010
00100101101101100
00000100010000111
00000100011100010
10111011100111000
01110011100110010
11111101011111011
10101011000001010
10011110001011010
00001000101011101
11001100110100111
10101000001011110
01001001101010100
10101110110011001
01111001011101110
10010011010000111
00001011101101100
11010101011011011
11110001100010101
11100100011011101
10110110000000101
10110101100100101
01101000110100010
11100111101110111
10100100011101101
00110000111011110
01110100010010111
00000001000011001
00101011100111101
11110100111010010
11001101010100000
00111110001110000
10001101101110010
01110101000100000
01111101011101110
11100000000010000
00111011010110001
10100011010011101
11110100101111010
01100100101111000
10010000110010111
11101100101010000
01010000010011101
11001011100011000
11001010110011111
00011000111100111
10001101001101111
01000000000011110
01001001101101010
10101101010010101
11011001101111110
10111111010111000
10110100100011111
10101001010001110
00011010111111101
01101001000011100
10100001001010001
11010100011000001
11001010110010001
00100011010110100
01101111110010001
01110010000000110
01001111010100101
01110011111000000
10111001010001111
01001101101100101
11000111100100010
00011001111110011
10000010101011011
11010111010000111
01001001001111000
10010000010011101
00001111100100001
11111101100100111
11100010110100000
01010110000111000
01100000110001110
00010111000101101
11111000011010001
01101001110110000
00100001000000010
00101110101111011
00111111100100000
00110000100000100
11010101111000111
11001101010101001
00100000000010101
00111001100110111
01001111101010101
00101011001110111
01100000111001001
01101010111111011
10110010100001110
01011100010111111
00100101111100111
11001110000001100
11010111000101100
11011011100111011
01011110110000010
00001101100010111
11010011100100111
01010110011100100
11011110110101110
10101111100101101
01011010010111101
11000110111101111
00110100010000001
10110111110110010
01111010110100100
01110010101001101
11100001101100010
01001001110000100
11010010111011011
11001010000101000
01110101000110101
10111110100010111
11010111001000100
00111110000111011
00001001111100001
11001010011110000
11111110011010111
00100000011011010
10011101101000010
01000011111101001
00110110001000110
10011011110011110
00110110100110000
01100110010110011
01100001100111100
00101110101010101
10100001011110100
01001101010100101
01001001100011101
01000111110111011
11010000101110100
00010101001111111
00011011010001001
11001101101011011
00000010001000111
10101000001010101
00010000110111011
11101101111010101
10111000111111111
10100110010010110
01010000011000001
01110101011011000
11000111011100010
11101110011000011
11110011001011110
01001011000000110
10111000110100110
11101011000101110
00100000110110100
