# A309370 a(16) >= 505: Sidon set in {0,1}^16, integer componentwise addition.
# 505 vectors, one per line. Generated from the canonical Vela record;
# re-verify with: vela reproduce examples/sidon-sets/witnesses
0000000100011000
0000010101110100
0000011001111111
0000011011100001
0000011110001011
0000011110010101
0000100101111010
0000101001111010
0000101010011100
0000101110001001
0000101110110111
0000101111110000
0000110000011011
0000110010100110
0000110010110110
0000110011001001
0000110100100001
0000110111011101
0000111100000011
0000111100101001
0000111100111101
0000111110100111
0001000010010101
0001000011000011
0001000011001000
0001000101010111
0001000101100100
0001000110000100
0001000110111100
0001000111001101
0001001000000001
0001001001011000
0001001010010000
0001001100100000
0001001101000011
0001001101110001
0001001110110010
0001010000100100
0001010010001110
0001010011111111
0001010111000000
0001011001111001
0001011010111100
0001011011001010
0001100010001010
0001100110001000
0001100110010001
0001101110110101
0001110000000010
0001110100010101
0001110101000010
0001110111011011
0001111000000001
0001111000101000
0001111001101001
0001111001101100
0001111011010000
0001111100011100
0001111110110110
0001111111011111
0010000000001000
0010000001011010
0010000010101101
0010000011100000
0010000100101011
0010001000100111
0010001001100011
0010001010100100
0010001101001101
0010010011111010
0010010011111101
0010010101001100
0010010111001111
0010010111111100
0010011010110100
0010011101000011
0010011101100001
0010011111001000
0010100001000011
0010100010010001
0010100110101100
0010100111000110
0010101000110110
0010101000110111
0010101010100101
0010101100010010
0010110001101101
0010110010011000
0010110101110110
0010110101111100
0010110111111011
0010111011111001
0010111111010011
0011000000000110
0011000001010101
0011000001011010
0011000001011100
0011000001111111
0011000110010100
0011000110011010
0011001001101001
0011001001110101
0011001111000001
0011010010000011
0011010101010000
0011010111100010
0011011010011001
0011011011110001
0011100010111111
0011100011001111
0011100011010111
0011100011100110
0011101101010101
0011101110100010
0011101111011000
0011110000001000
0011110010100111
0011110011111111
0011110111100110
0011111000001110
0011111001101100
0011111011000100
0100000000011110
0100000001100001
0100000001110100
0100000010011000
0100000110001010
0100001001000100
0100001100111000
0100001110100111
0100001111110001
0100010001001100
0100010010101100
0100010101011110
0100010110100100
0100011000001001
0100011001100110
0100011010101001
0100011100001011
0100011100110111
0100011111010010
0100100000101010
0100100010111111
0100100101001110
0100100111001100
0100100111111010
0100101000010000
0100101000110001
0100101011110001
0100101100001111
0100110001100111
0100110110010110
0100111001100001
0100111010001111
0100111010111011
0100111011011011
0100111110000100
0101000000110010
0101000001100010
0101000011101111
0101000101010000
0101000111000111
0101001100000100
0101001100001100
0101010010100001
0101010011111011
0101010101001110
0101010101100110
0101010110110110
0101010111111000
0101011000011010
0101011010001111
0101011011011101
0101011101001111
0101011111100001
0101100010001100
0101100100101101
0101100100111010
0101100101011001
0101100101100001
0101100110010111
0101101000010101
0101101010000101
0101101011000111
0101101011110110
0101110001001010
0101110010011101
0101110100010101
0101111100111100
0110000011010010
0110000100110111
0110000111110001
0110001001011101
0110001011011100
0110001110010010
0110001110101110
0110010100000001
0110010100010110
0110010110111001
0110011111101011
0110100011100111
0110101011000011
0110101101001111
0110101110011001
0110101110100000
0110110011010100
0110110101000100
0110110101101010
0110110110001001
0110111001010110
0110111100100011
0110111101010101
0110111110111000
0110111111000110
0111000010011010
0111000010011111
0111000111101111
0111001000010101
0111001001111110
0111001100110101
0111010010000001
0111010011110111
0111010100011001
0111010101101111
0111011001011101
0111011010101111
0111011011110110
0111011100111111
0111100001101000
0111100011111000
0111100011111110
0111100100110111
0111100110101001
0111100111000101
0111101000000000
0111101001110011
0111101010011010
0111101100100110
0111101101101110
0111101110100011
0111101111010111
0111101111100010
0111110000001010
0111110001010011
0111110100011000
0111110101011111
0111111000100100
0111111000100110
0111111000111001
0111111101000010
1000000000100010
1000000001111101
1000000110100111
1000000110111001
1000001000000111
1000001000010110
1000001100101100
1000001111111001
1000010000001010
1000010100010000
1000010100010100
1000010101100101
1000011010000110
1000011011111010
1000011101011010
1000100000011101
1000100001101011
1000100100010010
1000100110011100
1000101011000011
1000101011001101
1000101101101101
1000101110010100
1000110001000110
1000110100111111
1000110101010000
1000110111010010
1000111001000010
1000111011110101
1000111100111100
1001000100001001
1001000101110001
1001001000110011
1001001001111001
1001001010010011
1001001101101111
1001010010110011
1001010011000010
1001010011100100
1001010110000010
1001010111110101
1001011010011101
1001011011010010
1001011100010111
1001011100111010
1001011101111010
1001011110011011
1001011110101100
1001011111111111
1001100000100001
1001100001001100
1001100001110010
1001100100001111
1001100100010110
1001100101101010
1001101010111100
1001101110111011
1001101111110111
1001110001000011
1001110111111000
1001110111111011
1001111001011101
1001111001100001
1001111001111110
1001111010100011
1001111011000110
1010000000101100
1010000001010111
1010000010000111
1010000100001110
1010000110001111
1010000111010111
1010000111101001
1010001000010000
1010001010010000
1010001100100100
1010001111001110
1010010000011100
1010010000101110
1010010100000010
1010011001110000
1010011011100100
1010011110000011
1010100000110101
1010100001001100
1010100001111110
1010100101011011
1010100110111000
1010101000001010
1010101001101111
1010101011011110
1010101101011100
1010110010010011
1010110011001101
1010110100100001
1010110101101011
1010110110100101
1010110111000111
1010110111010100
1010111011010111
1010111100100110
1011000001010110
1011000011100101
1011000110110010
1011000111011111
1011001101011111
1011001110100110
1011010110101000
1011011001111010
1011011010101101
1011011011001011
1011011100110101
1011011101001000
1011011101100001
1011011110101101
1011100000011001
1011100101000011
1011101000111000
1011101010001000
1011101101000011
1011101110000111
1011101111101000
1011110000010101
1011110100000110
1011110110001100
1011111011110010
1011111101010110
1011111110111001
1011111111011110
1011111111101000
1100000000101011
1100000000111001
1100000001001101
1100000011111011
1100000100000101
1100000110011100
1100001000001000
1100001000010011
1100001101001110
1100001110101111
1100010111000000
1100010111001101
1100011000011111
1100011000100100
1100011010100010
1100011010111010
1100011110111101
1100100000000011
1100100001100000
1100100011011000
1100100110000100
1100100111110000
1100101010101110
1100101100001111
1100101100100010
1100101110111010
1100110010011011
1100110011101111
1100110100110000
1100110101001001
1100111011010110
1100111110011110
1100111111000010
1100111111011100
1101000100111101
1101000110111110
1101000111001011
1101001011001100
1101001101011111
1101001111110110
1101010000000110
1101010000110001
1101010000111010
1101010001101000
1101011111000101
1101100001000101
1101100010000000
1101100111100101
1101101000100111
1101101011100010
1101101011101110
1101101011111001
1101101101010111
1101101110100100
1101101110101000
1101101111011001
1101110001000100
1101110001011110
1101110010110110
1101110101000001
1101110110000001
1101111010001000
1101111010110001
1101111011100100
1110000011111010
1110000101110011
1110000110100100
1110001001100011
1110001011000001
1110001111111000
1110010000001011
1110010001000001
1110010010111001
1110010100000101
1110011010011000
1110011100100000
1110011101101101
1110011101110111
1110011110000110
1110100000011010
1110100011101100
1110100101010001
1110100101111110
1110100111010100
1110101001010100
1110101111100011
1110110001011101
1110110001111000
1110110010010000
1110110010110111
1110110100111010
1110110101000010
1110111101101011
1110111111000000
1111000000001011
1111000000101100
1111000010100100
1111000110101010
1111001010010111
1111001101110000
1111001101111010
1111010000000010
1111010001011100
1111010011110000
1111010111010101
1111011001011111
1111011010000001
1111011011010001
1111011100001010
1111011100010000
1111011101101001
1111100100010011
1111101010011000
1111101101001100
1111101110101111
1111101111001000
1111110000101001
1111110000110111
1111110100110011
1111110101110101
1111110110010110
1111110111011101
1111111010001101
1111111010100001
1111111101011010
