# A309370 a(21) >= 2606: an explicit Sidon set in {0,1}^21
# 2606 vectors, one per line (n=21 bits). Verified by verify_sidon.
011101101101101000100
011101101100111110101
010110110001011111011
100010110010000101111
000001110111101011001
110110000100111100110
101110101111010111101
111001000101000100110
110001000110100010001
101000111110100111110
110011001101100111010
111101011010011000100
011101100010110100100
000001110101110111101
110100100000001101101
011000111010000010100
110001110100110000111
100011011010000101110
001111001010001100110
001111110000010001010
010000101100111111001
100010110000011011101
101101010110000011001
001110010100011110001
101001011000101110101
010000010010100000101
110101111010110101000
100001010100110010101
000000000011110001011
010111011000001001011
101111110001100010010
011000000100011001011
001111100101110111011
010111001010010110011
111100010010110111111
110100001111010100011
000000110000011110110
011100001101010111000
001001010001010010000
110001010001001101010
111100110110010111011
101101101100110011111
111100001110000010101
011101110001101001100
100010100111001000001
111110101010100100110
110110100010101000111
100011001010110011110
010100000100101100010
100100110110101101111
000011100000110101111
001011110101001010001
000011101001101010100
001000011111111111000
111110001000000110011
000010101111011001111
111100110100111101011
000010100110011001001
010010010010100010001
101001000111011011000
110001000101001000101
000111111011011101011
110101010001111110101
111000001101010111100
100010100100011110010
110001001010101110001
100100111010111000100
101000110011000001000
110101010010101000101
001111111100011110101
011101010001101011110
001010100101100111011
000110110010011001100
111111001111010110010
100101111111100010000
010100011011111010110
010000100110011011010
111010011111001000110
100110110100001110011
100010100010001101110
110111010100111011011
101001101000110110001
111011110101001011010
101111110100000111000
110100010101001100111
010010101011111001010
111111010011010111111
110011100101101110110
010101110000010001011
111010000011111110010
010101111000001010011
110000001000100011000
111101100100000000000
101101111000110011111
111011100100101011111
010000010110101000101
000011000101010000011
000111001110011010111
001111110001000110110
011010110111000110111
011010100101010111111
000001100101001011110
001011000011000110000
010101110001111000000
000101010101000011101
011011101000100011110
100111110110100100001
101110000011001010110
000110110111100010101
110101010001000011001
111010101111000100010
111011001101001010110
011101111000001100011
010110100000010101111
000010100110011011100
101110101000000000011
001110100011111110000
111110101100101001101
001011001111000100110
001101101001111110000
001100001111001010110
010000100111100001010
110101101111001000001
010001110011010011111
111010100000111010110
000110000010010001011
001000011011010101001
110101011100100001010
100010101100111101011
011010001000111110101
101010011011111110101
111011101010000010011
001000000101010010010
100101101110001000101
010100001101001011101
011100000001100110011
000100011010101101010
100000101000101111000
100101011010111011100
010101111011111111001
100110101110100000001
111011010001110001000
000100000110011011001
001101011000011110101
101100000011101010000
101111010001000110000
100001000100100011110
110011100000101111000
111011100110010111110
110111001110111110000
000010010001111011011
101101010010000101010
011110001000100101110
010000100001111000100
011010100100110011010
100101100001101010100
010111100000001011001
101110001001010010001
000011101010010100101
011100000011111100101
101001100011100001011
010110001000101001001
101000011111110100111
101000001100101010001
111100000101100110110
011110111000111011110
111000110010000010101
010101010000100001111
011111010101110010001
011101010011100011010
110000001001111000110
110010010000101000101
010001001100101100111
110011001011111110110
110101000100000110000
011001011011110101001
011011000111001010001
101001010111100111110
101101101010000101010
111011111010100100100
010011001111110000011
101000111011110101011
100010100110111000110
000101101100101011111
011100100001100110001
111110101100010111111
101111011100001100000
111010010000000111101
101110011111011000001
010001110011101001011
101011000011110100011
001000010101001011101
111011011011101000000
101001110111101011001
110010110110110110001
001101010110000110100
111101010111000111011
100010110111000111010
010001110111110100110
000011010011011111101
010101011101010111001
011001001000100001111
000011011111101010110
011000111111110111111
010001011100111010111
011110010101000001111
110100100101100011100
000110001111010010011
110001101101000001011
110011000111010101010
111110110110111111011
110010101001110100000
100000011110010111010
011001110011011000100
011101111001000110000
111011101100010100100
100011010010010110010
101100001111010100100
100010010001100111100
010111110101010110011
000111001100100100101
011011110001011010001
001111011000100101110
101110011001000100000
000110010110110000000
010100111001000111011
010101000001110100011
100000101110100101000
001100000100111000111
000010011010011100000
001010101010100000011
010100001001010110111
110000001101111101101
110100101000010000000
111100010101100010010
011110110001011101000
101001010001101010001
111100100101000100101
001001010101001001010
111111100001000100101
100011101100000110110
001010011100101011001
111010110110010100010
011001101101001000010
001111000110000101001
000111011011010000000
001010011010111101101
011101101110011101101
100000000001010010011
010011000100010111011
010011001101001100111
100000010111100101101
111001111000010010110
010101010101110011000
011100110010010001110
011110101101010011010
111100010111000010001
100111101100100100000
000110001010011001110
110110000011111010010
111001000001011110111
011100000001110010000
100101001000010011011
100110101110111000001
010100111001000001101
100011101010000010010
111100010100000010001
111101100010110110011
111011110010011111100
100010101110101011001
001110001110110110000
001110011010001111101
000001100010111110011
000111010010000101010
101010011110011010010
111110101111110001110
100000111111101100000
101001100111011100110
010000000001011001000
110011000111001010111
110011101100101001101
011011001111010010100
011100000010101100000
111100000111001111000
000101111001100111100
101010101000011010101
100000110010110100111
011111100010111011011
101000101100000001110
110110100110001010100
110000100010011110001
100011001100110011010
101110110111100101001
011011100010011110101
110110001000100011010
100010010110110111111
010100000001110111000
101101101101011000001
000101011111001001110
110111010101001001101
000000111010000110011
010011101110100110110
011101101110011001010
011001111111101010110
111000011101101101011
100100010001111010101
001100000011100001100
010110100101101110110
001110100111011110100
011111000010000100000
011101000111011011000
111010011110100110100
000001100100111110111
001010111000001001111
101100000000100001100
100110100010110111111
000101110010101111010
010001010111111110001
001111011111101100110
011101110000100100100
111100000000101001111
011110111011100101101
000010000101111010011
100000111101000011101
000010100110110111110
011010111011111101111
011110010010011111111
010010100110010101111
101011001110101000000
010110011010110111010
000100111010100010100
111011101001010101111
111001110101011010000
100011000010001100000
001011010001010100000
000100101101011000100
101100000101111100100
101000000110111101101
000011010101111011100
000100010100001011101
110010111000001000110
100111111100110011101
000100110110010001100
001001001010011010111
001101100110111110110
000101001010001100000
110100101110100011010
111101001000110110101
100110100110000001011
000000100111100011011
110001101000110011011
100100111111001101111
110010111010011000011
111001001010010011010
100100101101111000010
101001001101100101011
100101011010101110010
011010011111101101001
101111000011010001100
110001000011111001100
010110010011010111010
010110110000010101001
110100001101001100111
110011001111100110111
000001010100110100011
101111100010101100000
001000011000010010001
110111001101001001110
110010001100101000001
101110100110011111011
000101111010011101000
011100010000101110001
111100011010010110111
100001110101010010111
101011011100110010000
000110010111001000100
000001011000111000100
100010111010111001101
110111011111010010101
011011011011111000100
111001000001001011101
000001001001111001000
011010100000001011110
110000001000010010110
000000110001011100010
110101000000011110100
111010011101001001101
000010001001010101100
010101001101101001010
001111111101110111111
011111001111101101001
011101110011011010101
000101110011000111001
100101001000010101100
100101110111011001111
001011111110011000000
010010000100011000000
101001101000010101111
001001111001111011100
000001111010001111101
010011011110111011000
010011101111011000000
111101001100001110010
110100101000111011010
101010110110100000010
010101110100011100100
111010111100000110011
111011101101011111001
010101100101000111110
001101100001000000111
100111101001100110010
101001011100011100111
101001100110110000110
100111010111100110010
011111010101111100100
011010000011111111111
000111011010101111001
101010101100010101100
110100100101010100110
000100111101111100111
100101001010100111100
001010011010101000101
111100110001111000000
010010000110111111100
110010100011000110111
010110110000001010000
111000111111101100101
010000001011010101111
100001110101011010000
110101101011110111110
100010110011101110111
001000001100111111111
000100000001000100001
011110110010001100010
111111100000000000100
010010101011011101110
101111011001101001010
011100101010110010110
110011000110001010001
001110111100101100010
100001101011110010000
100000001000110111111
000010011111010011000
110001010001001000110
101100011001011011010
101010011110011010110
000110101010010010000
101001001111100001011
000011101010111000001
101101011001100100100
000101111010111100001
011011011110001100111
110100111000011100000
011101011000011101110
110111001001001011011
111111011011101100001
011011101111110110111
000110011101010010110
101101110011001111001
110001000111111110011
101011101101111100111
011100001100001000110
111111111110011100100
011101110101011110110
110101100100111011011
001000011000101011000
001000101100000110110
101001111010110101000
101100000100011000011
101110100111110010001
001111011000010010011
100001101110000010000
101111100010100000000
000100100100000101111
000101101001101100001
010100011001010000000
111010011100010100011
010011011101110111100
011010011001011011101
011011100101010100110
000011011110101111010
101100110101010101111
001110101111000000010
010110011110011110111
000111101000100010110
111110101000001010010
000100010001000100011
110001001000000101001
001011011001101111110
101111010111110110100
100111110010011011010
100100001101111100000
001011101000000000001
101011100011101001011
001010001000001101101
110001000101100000100
110011010101111001011
101000001111000001001
001001101111000010101
101000110011111010001
001010001001011111100
100100100101101101001
010101001101110100011
010001001000000101001
010101101000011011011
000010011011110000001
111101100110011001100
100010001100000000110
111101110000010111011
111101100000111100001
000110101011100000000
111011000010110110001
011110100101111101101
101101010101110011101
110011011111110010010
100111111001001100001
110101001001001000010
001100111100100101010
111101100011011100110
011010100100000000000
001011101010000000111
111101000101111001010
001001111011010011001
111010101100111011001
000111100001011100001
011100111110111011100
101100100011100001010
000100000100111100100
100110000111110110001
010101101111000001000
001100101110111101101
001000001001010000110
010010110010101001011
011010110100100001010
001000110011000111000
000110010010001010011
011111100100111010000
010001111000010101011
100111101011110101000
111011010101001011011
100110111111110101000
010111100111000001000
001100011011100000100
010000001011110101000
011111101100011000100
000011001101000111011
100111101110000010000
100100011000001101011
111111010000101110100
101111000100001011100
011101001110011011100
101111001111011100011
001100111110111011000
011110111111101110100
000010101000000101000
010100010110001101100
000110000101000111001
100100111000100000011
010101111000011110101
001001010101110010111
011110001101101001010
011111010000111111110
100010101001100001000
111001010100101100101
000011101001000100110
010100111111000110110
100001101001111101101
101101110110001111100
001010011100000010110
111010011010001101100
101001101001010010100
010101101010100100111
110001010011100001110
110011100001001110010
100101011011110011110
000001110110110110111
100010011110111010011
010100100001101000010
010011011001110110010
100110101001011010101
001001111100111010100
100000000010001101010
011001000011110100110
110010100000000111001
011100000011100001100
010000000101001111111
101101111111001001111
001101101110001001110
110000000110110100010
010000100010010100110
101011001000101011011
111001110111010010001
000000011001011110011
101010101100101000110
010010101110111010010
101100001010111101110
010011101110000010000
010111100111101010011
010011111101101011001
110010101010100000100
001101110000000111001
000001100011001010001
100111110110100110011
110101111101000001001
110101011000111101111
001010100011001110011
100010011101011100011
110011101010100110000
011110100000110110100
110111001100001100101
010101101010110010111
100101001001101100001
100100111001001100101
100000111110011000010
010000001110111101100
111101011110001111101
100100100101111010101
110101100101100101011
110001000011011101111
101111011110100100101
011101000011001110100
001001000101010010100
100000110011011011000
110011100010011101110
100100001101000010011
010100000110010111101
010011010100111010010
001011100111011010010
010111101111111101101
111010011101011110000
101101111000111110000
010000010111001011111
000010100100100011001
000100111110000001001
010100000100111001010
011010000000100001111
010101000110010101111
010000000001111011110
101010101111101111100
101010010110010101110
000101011100110010101
010000111110111000110
110010110001000001100
101110001011011100011
011101010100101000001
000011110110111101001
110101001101110111111
010110100000111110000
001100111110001111001
000011100001110111100
000001010110101011101
110101100010001000010
101101110000010011001
111100110111010101110
010010011000000001101
001100100100101010000
011011000110001111110
111011000000101101011
001000010011010100111
100110011100100000010
111110000001000011010
000010000000110100101
101010110101001101110
101001001100000010011
000110011001000101100
111000100101001111001
000101100111000011110
100011010010011110100
000100100010111010010
000001011000111100001
001011001001100010101
101111111100000010000
110110001011011011011
011110001110000100000
111001111111101001000
000011101100000110101
011111111110010110101
010011001001111000011
000001000111101111011
011000110010001000110
100011100100100010100
010100001011011001100
111101000100101101001
110001110111001011100
011101111010001001110
000110000100010011101
110001111000000101101
110100100011111110001
111010111100111001000
010110010100001101101
101100111000001101010
011110110110010101101
010111100100000101010
110011110000100011100
010011011001010001010
011001110111100101001
010001000100000101010
101100110100101101000
100110000010100101011
010100000010101000111
111110001111010101001
101001110111110001000
001000100011011010010
010001011000001011101
010100010111110110000
001100100101011011110
110101010010110011111
100001111011010110100
001100100111110011100
010110100000110010111
100011000010011111000
110111000100100000100
011100111100011100111
110111001000101110001
101010111001011001101
111110011101000011101
011110011010110010001
110001011101011100000
011110000101000110001
001010110010001000111
011011101101010111101
101001110000110000110
101101110100010111000
110000111000001101101
100110010110000011001
011101011010100010010
011000101110001100111
010110100100001101110
110100001000011111110
111000111111110000111
011101110110001111011
100001111101011111010
111111000010110101101
011010100011001100011
100111000001111010010
111001001001111011110
100011110001011110001
101010001000001110100
000111011100011011010
100010110101111000100
011100101100000100100
011000111010111101111
000110011110011100010
100001100110111100111
101010101101000001100
111001000000101001000
010001111001010010101
010100001110111101011
010010100100011110100
111111001111000101110
001001101001010000001
111110110101100000011
100110011011000111101
111001010111001000111
111101010011011111001
111000101101010010001
001000011000001100100
110000110001110000001
111100001101110001001
010101000100000011001
100100011100000011111
000111100001111110100
100001011100001101101
000000110101101110110
001110010011100111101
111110001011010000101
111011001011000111000
011010100011001010111
011001010010100110101
110111101110010100100
001011110000110001111
111011111100100101001
110000001011110111010
111111010010010100001
100000000110011100101
001111101110000001110
010100001010001001010
101100111000011100010
000101000100110111111
111101110011101101110
101000010001001101001
111111101111000110100
011000011110011101101
010001000110010001010
101001111000110110110
000011100001010011011
101010101101101110111
110011100100011101110
001100110010000110111
110111110101010000000
111101001110111111001
011100110010001101101
110111001101010011011
000010011010010010000
100111000000101001111
011000111100000001000
010111111001110100010
110001011101110110010
100100110111110101100
010011010001101000111
111000010010101001011
110001000001110011010
110110000000101010110
010010011001010100100
010101101000011110111
100010001011101000111
001000001111100100101
110110110000110111001
010010101001100101111
111100000111011110010
011110111011011110100
101010101011111101001
000110101100011101001
110111001000110001011
100110010000111100111
110111111011101100110
011110101001111101111
110010110011101111010
110001010011101001111
011101100001011101011
001000010100100000101
000001001110110011111
101010001100001110111
111101110101010010001
000101100011100100101
101100110010001110000
111110101111011110111
101100101111101111101
100101001100100111111
100110011111111011010
000011010111011001101
100001100011011101000
011101001101100011010
111011011001111001110
100111010111101110000
000010011100110100101
010110010011101101011
111111111010110011101
100010011110100110001
000001100111000111100
001000100111000010101
111000111001110110110
000010110111010100101
110101000011010010111
010011001101110011001
111011001111110000000
011000111100110111001
101000000101100011011
000100001111100010101
111001001101001010010
100111110100111101110
000001001001010011011
111101111100100010101
101011000111010001001
000001011000011001001
001011011000101000111
101110111110111001000
101100001001101000111
111011000101100101110
101010110000010110110
110110000100001110011
111011110011010101101
101111000100000101010
100101100010001101100
110000000110010000010
011101001010011010000
101010011001010111011
011100100001011110111
011100010010111101000
010100110001101010111
000001111010100001100
110111101111101100000
010111001111101010001
000101011001101111110
000010011011011110000
011111001100101101010
000111110101000011110
110111110111001111011
110111000001101001110
011101110001110001000
110010110000001100011
101011101110000010001
110111111101110111110
011100101101101001001
011100100110000000110
100000011100010100011
100000100100111101000
110110010111000100111
101110001010011000110
001010000010000111000
000001001010010111001
001111000100010101101
000000011010110011001
010001010110110001111
100100001010111000110
010100011111011111101
110110011000110111000
101100111101010110101
011001110111000001100
000011100100111111010
010001011110111000011
010111000000110011010
110111100010100011011
100111110001101110101
111001011110011011000
011000000000100001000
001111010111110110110
011010110100111100000
100011010101100101110
101001100000110100001
111111111101101110101
001000001110000101111
010110100011010011110
010001011111000010011
000001010010011110110
001111111110110001010
001110100110011111100
101010001010101010011
010101011111000101111
011100111100111010011
101001011100001101011
011100101101010100110
101001100001111010100
110110100010001111110
100000101011111101101
111101011000101000010
111001100000011010111
110000101011010000001
000101000000100000100
001010000001100101011
110100001101100110011
000100011110101100110
101010011111101011111
010000101001100000001
100001100111000011111
110100100110010010101
111010110011000001110
000001111100000100000
000101111111011001001
100010100011110111010
001010100111111101011
001011101111000101000
100000110001101000011
011001101110010110000
000111000000011011011
110010111100100000101
100110101011101010011
101000001001010101010
110000101011000011101
011001100011100111000
001110010111010011010
111001110101111000010
011000000110111000110
010111111110010110001
000000100101110000111
001010010100010000010
111100100110100001100
010100010111001100011
101000101001011100110
010010010110000101100
110011111100100111101
010000010000100000110
011011111011011000101
011000011101110111110
010011001000111110110
110111010001000000000
100101011000010011010
000100110011101110000
111111110100000001001
110000111100010000101
100110000000100101101
000001110011110101101
100000110000101111101
101000101111100000011
010011111010101100010
001111100000001011110
011110110000001111001
110100100011011001111
110001010001101100001
101111110010101111010
001110011000101100000
101101101111001101111
100011110010001011110
100101001001001011110
000100101100110000011
111011010011010010110
111011001110010100011
111000110101111001000
100010010000010000001
001000001011110010001
001011101100110101101
100100001000000000110
011000110011100000011
111011100010010111001
011100011111100100110
111000111100111111100
100100110010010010111
001110000110110110111
010001101001111010100
000110000111101100000
001001101001011111111
101101011001000100110
101001100100000100010
000101011000101001001
001111001101111011010
001101011000101000111
101101011000111010101
111011101010100110110
001000111111101001100
001000011000111111101
011101111011010110110
111001010100011010111
000110010110001110111
110011000011110011101
101010011110101101001
111100110110110011101
100010010110001000010
111111000110000111001
110110100100101010001
100011001110110011110
100111100000000011001
111100000010111101011
001001000001101001011
100000011010000101100
110010000010001001110
101101110100111101010
010100100110111110000
110111111010100111000
110000110000001101011
100011001001100101001
110001010101110011101
010001010101001110110
111101101101000010000
011101000111101001011
010001001110001000010
101100000001000111111
100001000000100110000
100100000001011000100
010110001001110110100
100110111101001101010
101011000100011111011
000000010111000100110
010011000111100110101
100101001101111011100
010110011000000101110
100101111001110110001
111010000001011100100
000011001100110100111
100010111101111000111
101111100011000001010
000100101011010010011
100111100010010000001
001011000011100111111
001110100110100110101
011101100000011110011
011100110111101001111
001111110110100111101
010001010111000001111
010111100100001100111
111011110101100000100
110011101100000111010
001010011000100101011
110110110000001101001
110110000100101010111
001011001010011010011
101100000101001101000
101011111001101110100
010000010110110100110
101100101100111111000
001011110000100011110
000100001001101001101
001000011110101000000
111010110111000010101
101000001111111001010
100101000000010010000
110000100111010100010
001011011011110011010
011001000001110000111
011110001110010110100
111010110011101100101
001000100111011101010
110110111100100001110
100001111101111001000
000000100100000111000
101111001100001011010
001001100100100001101
100001100000100101110
010111000101100110011
001111111101110100110
101000010111100011011
110011010100100111001
011101111001111100101
111101000110101000101
001110100010000011010
010100111111010000101
100000010000011011101
110010101100001101111
110101010101101000000
111101111001110101110
001010000000111000001
011111000101101001100
101000110000111100010
000010100000101101100
011101011011001100000
011110000011111110101
100111010000000100001
111101101100100001001
011110011100001110110
110111100111111100000
100101010000111111110
100101110111101100100
100000110000111001111
010000110011000101111
101001010111101010001
111001011100111111110
101000011011100111010
110101000011000111000
111000000111011001000
000001001101011100001
001011111000101100011
001000001010000011101
100010100011101101101
010011111110000000000
101000000100111010110
011001110111101001101
110010101110100011000
100010001100000110100
010000010100110110011
001010100101010110010
000000111101001110100
011001110001100000110
111011101101000111111
110000010010000101011
101101110101000101101
010001111111011010101
000110101001111010110
010101011011001001001
010101000011110010011
111111110100011111011
000001011010010000011
111010011010110001001
100101001110101011101
001001011100000110010
110010001010000000011
101001001110001010100
100001011101101000110
101000101011011111011
111110011011111011100
011101111011001100111
101010101001011111011
011110110101110000101
001101110100001011101
001111101000111100010
011100010011100010000
001101101001011000111
000011110001001100010
010110101000011011110
001011001101111001010
011000101001001010001
000111101011100011000
110011011000101001100
111101001011111001100
101000001011010111010
001111100000101000100
101011110100001001001
100000110011101111100
111100110100100001011
001011100101001101000
100001101001001111000
111001000011100000101
001101101110000001000
110110000100001100011
100010100001000110010
010010010111100111000
000000101001110100011
100110000011011011111
001110000001010111100
101101101100011011001
011100011000000110011
111101111011111001011
011100101100111011010
010101000100100001000
010010010100011000111
100100100011011011100
101101011011101011111
011100010110100011100
000010001110101010110
001111011101101111110
111101101001000001010
110110110000100101100
111111111010011011100
101011111011010111100
101000001110100000110
011010100110001011000
101001011101110100000
101010101100110101101
011110111000101110011
011000111101101111111
001100100100101101001
111110101101000110001
110100001111100001011
110001100100101100110
111110010100011011101
100000100110110001111
101110110110010001000
100100001100000101110
011011010100110100100
010111111000011010101
000111011101010000110
011011000101110100000
101001101001101011100
001001001001000101001
111001011100010111011
000100001100000000101
000001001101100001110
011001111101101111101
011001000101110001010
100001010101001101010
101011101010110110111
001101100011110011101
110010011100010010111
000101111001010101000
001010110011010001000
000101010011011110111
001011110110001000110
011011011101101011011
011110010011110111110
010011011001111001101
000001001000111001010
100001110101010000011
001000001101110011100
101110111000011001001
111111001011010001100
001010011001010001110
010001001010000101001
000011110110010100011
001001000011000000011
011101100101101010000
111010110100101011110
100110101000101011111
101010111100100100001
100000011001010010100
000110111001000001011
111010111011111111011
000111010011000110101
111001111110100010000
101111011101100001101
001011011000000000101
010000000101111101100
001010010011011010011
100110100111111100000
011111101101110111001
110100001010111001110
111011100001001110000
110010001100011010010
001100101111110110110
100011011100010110100
111010001011011001010
111010001001000111100
001100100100001011111
101100011010010000010
110111000000101111111
101000111100010001101
111110011001111010001
110001110011000001001
011000110010101001111
100101000101101010011
111111110011000111001
000101000010101110011
100100011110111011100
011110110010100101101
110111010010110101001
101010101110110111111
010100110110100111111
001111111101101011000
010000010100111001101
000111010101000100000
000111001101010010000
110001100111111111101
110010110000111010100
110000110100101111010
110101111011101100100
111110000010010001010
100100000001001110100
101010110111110010010
011000000000110110000
010000000100000010010
010010001111101100011
111000011011010000000
111000001001011101001
111110110000101100001
110111010010100010100
111110010011100110001
110100000000010011000
011001101010001110100
110110010010010111000
101101100010010011001
101011010110011111100
000010011111011111011
000100101001110000010
010111101001011111000
001111111000010000011
010101011010100001111
100110001101111111100
101110111100001100111
001011001100101110000
001110000111010000110
001011000111001101111
000101101111100111011
001111110110010110000
110001001011101010110
010010101011101110010
111110100001011111001
100011111000010101110
001100110101100110101
001000101010110111111
111000010110011000000
001110011001100110001
010111100100111111111
001011110011100101111
011011000001100101101
110011001111110001100
010000000110000010100
010101111101100011010
100111111010001101000
100000100011111001101
010100011101010011001
010011000100101001100
001111101011110000000
100111101101001110001
011101000010011010011
100110000001000010110
101110011010001110101
000110001100001101100
001000111111100111011
000000111011101100111
011010011110110010111
000111101100111111110
000001110101000000000
111011000001011110101
011100111010100100100
000111000111111111100
100010100001100111110
000110011101001000101
001001011000011111110
011010100100111110100
001001101110110011111
000101000010000000001
010101010001000110101
000001010111110101000
110111101001011011001
011100110000001011010
011110110010001111000
010101100111101100010
110110010000011110011
001111000001000111101
011110010000110010101
110000111101101100010
100100011100110000110
011010011100111100011
001001110001110001101
010110101110000100101
011100100000101111001
011000100000011101000
000010111000010011100
000010101001110110001
000110100111001001001
000101101010001110010
011001001101110010011
001000000111001101111
001010001110110101001
010101100111100111101
101101111011111111100
000011000100011010110
101001011111011110110
100110011000110001101
001000010110000110110
100000011010011110100
000111011101100000011
000100100101101100010
001011011100111101101
110001100111001010011
010101001011010100011
100010100001000010001
010010000100111011110
011011111101001100101
000010010001100001000
101111000010001011010
111011000101111110111
101111101011110011101
000000010101111001111
011011000110000001110
010111110001000011111
001110101011000101010
111001011011000111111
111001011000101011110
110101110111110000001
001000110100001110101
100111110101001001111
010011100100100110001
000110000110011011100
000001100001110100001
100100001010110001000
110001110000000100100
110101010000000010000
110000001000000100010
110010011010111111110
111100100100110101010
100111111110111001000
001100110001010011100
100011111110000000110
011110111001011000111
111010001001110101110
001011101101001000001
011111101011110011011
010000101011111101111
001001111010110101110
101001000111101101001
010001011111011101101
011000011011100000100
111100000010111101001
110001110011000110100
011111100100100000101
010010100010010001001
011100000111111111011
010001110011000010010
110111100111101001010
101110011011111001111
100001010100100000110
111010011000110111100
001100110101000111011
101110001111010110111
001011001011100111010
001111000001000010001
001000000101100000000
111101010011011001000
101000011100010011001
010110001010101100100
100101010110011011110
110101001111011100110
111010101010001101100
110111101101111011001
111100011100010000111
000011110110000001100
101100000110110100001
100110101111010000010
100010110010010000110
000111111100001111001
011110100000101000100
001001001011100011010
001100010000010111100
101111001111111101001
101010111111111111101
000100000011100111111
110001111001001101001
011000000111001100100
111101001110111111111
111000010101100011011
110111110110110110001
011010000011000111011
000000111100001101111
101110101010110100101
010001010000111011001
001010000000100111100
101001001010111111100
010001100100011110111
110111001010011100110
101101000010011011111
100000001111101101100
000111000100011101000
011111101001100110010
101111101111001001110
110011001001100101111
101110011011110010000
100101110010100101101
011110100101000011010
110111100010101011010
111000001000001101111
010011010110100110010
000010000011001011011
001010111011111110111
101101000001111111010
111000110001001001101
101011010000010111010
110000000111011001000
101001100110000111011
011011101100101000000
111100011000011011100
010110011111100010101
011000010101000001001
001011100010100000010
110010101000101011011
001110001000100110111
001111111110000100011
010111010001001100100
111100100111100010010
111100101010101101111
111101001110010001100
000111011011000101101
100101010001100001010
011000010000010111010
101010000010111011000
101011111111101100010
000011011000010001000
010110101100011001000
001010100001001111101
100100101010011111101
100011110111000001011
111100000111010101100
000111011111011000011
100010011011011000011
011110000111110000110
000000000111111101011
001101010100111010000
101010000000100011000
001000010001011100000
000100110100101101010
111111010111101111001
101011010100010101011
001001010000101111010
101010101001000110111
000100110100101100100
100010010001110001001
111100011011100101101
011011110110100100111
001010000000001100111
111111111110000100101
100100000100001000001
001000001111011010101
001011101010101101011
000011011100111011010
010100001011000101100
110100111011001110100
110111010101011100000
000000111111000110010
100111101100010000111
111001101010110100100
101110111001110101100
010111000011111110000
111000001011111111000
111010011101111011100
011000001011001110001
010110001100001111001
110001111101001100000
001111001011001001100
100100001110100110010
011011010001011010110
010000101010010010001
110111110001111010101
011101010100110011101
010101000101100100100
011011100001111011011
001110010110001011111
110000011101010000101
111101000001000101001
010101101000010101110
010011010111000110011
011101101000101011111
111111111001101110010
000110010011110011100
101111011011101111000
101000100110110000100
001101110101010000010
100101111100110110011
001110101101100010110
010111011101110101100
001001101101001111011
111100100000000011101
100001111101110100111
110111111100001000100
100101010001000100100
110100000110111010000
100000110111110011000
001101001111000110101
011010010111111000010
001110010100011000010
110110101011101110001
110000010001010100000
010100101100000011011
001101111101101110100
001110000101001101001
101100111101011011100
001011110111000011001
010111111000111111001
000000001000101100110
000001000100010111001
100110111000110101110
101100100100011100101
001100111111100010110
001100000001001000101
011100011111100100011
101011011110100010010
111001001000100010001
100010000001001100011
001000001001100100110
011001000100010110010
110001100110110100000
111101011101011001011
010101001011010010100
001001101101010111101
111101000000000010101
111101001001000100011
010100010010111111000
101111100101010011011
111001001101011101101
000000000000110001000
000110010011101100001
011011110010010101101
111100100000010011101
100101000011001100110
111111001100110001111
011100001000010100111
010100011010101101001
100101100100000110001
010001001010110101010
001101001000111101001
101010000110010101010
011010000111000010101
100110010111111001110
110101001010100011001
111001010110100001101
010001110111001000011
100000110001010101011
101101010011100100011
001010010100010100010
110101101110000000010
111000010110110111111
001000101000101010010
000110010111110101001
001001001000011101110
011010010010111011100
010011100100101001000
101000010011101100001
010010101100100000111
000101100101011100101
011001110110011110000
110001110010010000011
101100000110001110101
010111111011100101001
000000011000010101111
110101001110011110101
101001001010111010110
100000001010011011111
001000100110101001010
101110101110011001101
101000100010101001111
011010100001110011100
101101110101110101010
101101101001111001011
101111100111001001001
111001010111100000111
111011011111111101110
010010010110100000000
101111111000010111100
010001101111100101010
000100011001100110001
001100011001110011010
110000011010101011000
101000000110100110100
100000001110110100011
110111101111110010100
100011101101111110100
101111000110110000010
000101000000011011011
101010010000100110100
011101101010010001011
011000111000000111100
001000011001000101010
001000100000100010000
001101001100111101111
011011011111100111000
001111001101110111111
111001011001001110010
001101010110010100111
101011001110000010001
110110100110100000001
111011101001000011010
100010110101100010110
011010001111011010000
001000101010001110000
010010101010100101100
111010011001111100110
011110001011110010101
001100110000110110011
010010111100100101011
100001111101000100010
101011101010000000011
000011101110110001100
110000010100101011010
110111000001100000111
011010111011111010100
101100001010000010001
100010000110111110011
011001001010010010011
000100111111111110011
001111000011111010100
111111101011100010111
101101100110000000001
100011000110011000000
010011101010001001110
100001011011110100010
101101000111001110010
010111110111011101101
101110010110010001011
100000001001001010000
100011110111100010100
001111011001101110011
001111000101101001110
100010010100100011010
000001101110101100011
010111101111111010101
111110111000011011111
110100111000100011011
000111010000110001010
100101111010011010000
100001010011101010100
010111010101101001011
110000110101010111100
011000101001010101011
100101011011010001100
101110001011100100101
100101000110111010010
111001110110101010101
110010010110000011111
001011011110110000000
001000011000001001110
101100010010101110101
101111111011010110010
010010010010110101000
001111101101000000110
110000000101010111101
000100011111011010100
010110011110111001111
110101101001010110101
110001011001001110111
011000101110111100010
000010101110000101001
011101111110101010001
101011011000000011001
110011101011110110110
101111100110110101101
011001000000110110111
110001101111110000011
010010101110011011001
001101000011000011100
101101001111110101000
111000101001001011110
111111100011000011110
100110100011000110011
000001001000101110101
100001010111100101100
101111100110001111110
110011011100110111100
111001011110110111100
011100101010110100011
111000000011100011111
101011010111100110111
110011100101110001100
011001111111000001000
010001011111101011110
110010010001110001110
111000111100001100011
111000101110101111001
010010011110101100001
100110111111111000110
001111010011011101010
000011010010011000100
111000011010011010010
101100010111101111110
000000010101110111001
100100000001001010101
011111110000110000001
100101001010101000001
010000011110011110000
100000011101010001110
001110101100011010111
110001101101000001101
000001110111111111001
000011101110101010101
101011010000110100011
111011001001010011001
010011101100100111011
001000010101001001110
110011110110011111001
000001011110011111110
101100000100011001010
111001000101010111001
100011001010000110101
011011001111010000101
011011110110000101111
010110100110000110100
000100100000010101010
100011101000100100101
011001101000110100100
001110110001010000011
000111110010110010011
101110011100110011100
011000100101100011100
101100110011011011110
111100111000110011100
000100100010000110100
110010111001000010100
101001111011000101010
111001011111101011011
001010010111000001010
011001011011100100001
110010000000110101100
100110010010101001000
001011101110000101000
100000101111110111011
110011010110001001001
101010001111101011001
000001111101101111011
100100001010011101111
110011010000111000110
110101001111001111000
010100101100011100111
000001110010000101101
010110011101000001110
110010110010110101000
000011001101000011010
111101111110011110001
100100100110000111000
000110011101100110011
101001000100001111110
100110001011101110011
000010111100101100110
011101000000111010011
000111100010110110100
001101100001001111011
111110101100001101101
000110000011011000111
100111000100010100111
110000100010101110001
001111010011110100110
100000100101011100101
010111111111000101100
000101010010100101110
010001100101011000101
110010000110010110011
001000101001111000011
110110011100110110010
001111000010000001111
001101110101110100001
101100110000101100011
000111010010011111010
011001000011011011011
001111000000011111010
010111001100100111100
001110100111111100100
000000101110111110001
010011000000010000110
001101110000011100111
100101100011101100100
011000100011010111100
110101111100110000001
011011110101111000010
101101001011100110010
000100100101011101000
000010000010010010110
010011111010110001010
011001111011010010000
010010111100110001100
100010001101110011011
110100011011100001101
100110110110100010100
110110100001111000001
010011001011001001111
010100010100011001110
000011110100010000110
001101111011111111010
011010111011111000110
110001111010111000110
001111000100111110001
100101111100011010010
000000011000100110111
000011000000010111110
111001011000110100110
000111101101111111000
001100110011101101111
110111011100000001110
011100000001000001111
000001010010000000001
110001111111101010111
111010011100100010001
011110111001001101010
100000110000001001101
010100110110000010110
111011001101000001111
101001100000111111111
010110001100000011110
000101101100101001110
011110110101101101001
111000001001001000101
011001110001110111011
000100111001010010010
010010110100101001100
001001100100111100101
101111110110100011110
100001101101111111001
000000111101110111100
100001001100111101110
100111000110010011111
000111110010001001000
110010000010111101010
001100111111010100110
000001110000010111110
010010111100001101000
101111011000011011011
000001111001100010111
101101000000111110100
111110011011010011010
011001110111100100001
111010110110001010011
110010111111011101100
110101010100011111101
010111011111010000011
111000111111100011010
111001110100000000100
011001000101000111001
011110010100110000001
011010111110001111110
110001100110101001111
010100111100001111100
100110110101011000111
000010001011100011011
111111000110011110111
110111010100111101101
001010110100010100001
110101001110010011101
111110100101011101110
101100101000001000010
110100100001110010110
000101000100110011010
111010101010110000111
000111010111000000110
100010000100110000000
111111011110111011000
101111110100101111000
001110011001011001111
100110101101100011110
010110000011001001110
001101111010010011111
101111101101110010100
111100111111001111110
100101111011010011010
010110101111011110000
010011111111011000011
010101001111010110100
110010010101110111001
011000101110001011011
110101100001000110000
011000011111010101011
111110111010000100011
011001111010110000101
101110100101101001000
010101101001000010111
111100011101000000011
000101100100011000011
100110101001011001000
001000011111010101100
010000110101100100000
101001000011010010011
100011110110010010010
010000010010100111111
011011000100010110100
011101010000010010110
010010111011010011111
101101101111100001101
001101010100101100011
001011001010111100001
100111110110110001101
110010010111110000000
011000101001101110010
100110110111011001101
100111000010011111101
110000110111011100111
101111010000011011001
010101000000100000000
000000100010011000111
100110110000001100110
010010101111010111001
011110111010011000011
111100110011100011001
101001110100001110001
001001010100011011101
101100101011001100010
001101111011011000101
001101010001010010110
000101011001000010101
100010110011101000111
101101000001101100001
100110000001110111010
111100000101010001000
110111011100010101100
100111010110001011111
101010001011011101000
101110011101111110111
010000010110110111010
010110010001101010010
100111011011011110010
000001100001011001000
011111000010100101000
000001101010111000010
000000111011110000100
010111010011000011111
111111101101100001000
110110111001010000111
100111110101001000100
000010111100101011100
111100001000100110000
100100011101010110100
010100000101001111011
000110010111111100100
001010100110010011100
011110011010010010111
000111111111010101000
011111110111011011101
110011001000011111100
111001101101110111010
011001100110011001001
101100111101001111110
100000011110000110011
110011101001000000010
111101011000111010011
010110111111101100000
000000010101010101010
000000001000100100011
001011110110111000101
111101100100011010110
001010011001010011011
010110011110110010111
000001001011100111001
100111000110010100011
101110101100110101010
011101100010110001001
000100001110000001010
100111000001110000101
011001011001100101110
101011110011111100110
100110100111110000001
000101110001101000001
101010001111001010111
110110010101001010000
100010111001011101000
000110101101010100011
101011001000000100101
001101000101101100001
100001100110101110010
011011101001111110010
111011110001110110100
111110010010100110010
100110101001100010001
001001100010011000100
100000011011100010110
001001110110110000010
001100110011000100001
001101010010110001000
111100011001000111101
110111011011001111001
001000100110111111000
111110010101110110011
101000001000111011001
111100000011011000100
110101111001010101011
101100101010011011010
010010111111101011010
100101111010100100001
110110001111001111010
101010010000111100100
011110011101100001000
001000101000100110110
111110000111111101000
010001010011101101101
010111011000101001101
001110001100001111000
010110000111010110111
111110000100011110001
101110110101000010010
101101011101001000011
111101110110001000111
101011001000011101000
111111000110001101101
100100101100010101000
101101101011111110111
111110000101001001001
010110001001001000110
000110111011010111100
101100100001110111100
110111001111001001000
011100010100101000100
100110101110111011100
101111101101100101101
001100010010100100111
100101000011100101111
100101010000001011000
011110111011110110011
101110100110101111100
001111100101001111111
110110001101110100100
101111011111101011100
011000011100100110100
110110101001100001110
011111011000100010110
110101110110001111110
010100111010000011111
101111100110010110000
001010111101101101000
100011001011001000100
011010011000000010100
001010011011011100010
111000100100000110000
110110011010010100010
010001100100110011001
001011110011111010001
011011111011110001010
111011000011110010011
000010110000100011011
111011100011111110111
000101010100111110000
111011010111110100011
010010111101100111001
111001111011001101010
011010000101010110110
110011010000100110100
101001011010001000110
000010001001011000010
001101000001001000010
100110110100110011010
101100000011100111110
000011111001011100011
010100011111101011010
010100111111110011001
010000010101111010001
111111100001011101100
111111111101000001110
101110000011101010001
110000011101100110101
100000101000110011000
110000110110000001111
101100010101011010001
011101110010010111101
100100010011111111001
100000001100111101101
000110001110011100001
110100110101110011100
100010111101010100101
110100011001111001001
100000000001011111001
100011110011110111011
110000111101101011010
000000111010100010100
001101100010000110010
101110001000111000100
000000111000011001010
110111101100100100011
101111010111011101111
000100111011111000000
101100111010100011100
010011111101011011010
101100010101010101001
001111101110111000110
011101110001010111101
111011010101011001011
001001111001000100110
011001001110100011010
010100000010111110000
001100010111011000101
111010101100000101000
000001111100000010000
011100001001111010000
111000011100110101100
110001010110110001010
110011111011010010011
100110100100100110110
110000010101001101110
001010101001010000101
010110001010001111100
101100100110010011111
111111011001111100111
001010000101011101100
110110010010110100011
100011000010101011111
000001000101001101100
100011001111001100110
110001111001011100110
001100100001111010111
011110111101101101001
101110111111100010001
001000110001101010101
001111110000001100000
111110000010000101110
001010010000100110111
001011010111101011100
111111110100101110111
111101111100010000011
000110100111000011101
111100010110000010110
011000001110110000001
000001100101110111110
010010110000101110101
001000100101110001100
001101001110000111011
001100001101010001111
101000110010111111010
000101101110110010010
110010111001011010111
000001110100000011011
111100100011110100011
100000001011001000000
010111010010101010010
001010100110000110101
001110100011011111110
000100111110101010101
010101111110110000110
101111100110101001111
101001111010101110000
110010011100001110100
101111000011111001111
011111111111110111100
011010101110100000011
011010001100000001011
011111100001001000001
000010110001001111111
110010100001000000101
010111110101010000111
010011011110100011101
010000101010011111011
001001010110101110110
000010100111101110110
110011011011000000000
001101001100101011001
100110100111100000010
010100011001110110100
110001111001011101101
010100110001010111100
010011101100001100011
100110011000000011010
100100110010110001110
100000000010111001101
100011111100101010111
100111001100001010100
110010000100110111101
000101111001110000111
000100101011110101111
010001100110100000110
110000101011001101001
111010111111100101100
000010000100110010101
010101010001001101010
011010100001101000100
111010110111101011111
101100010010000111110
001011110000000010000
011011011010111011000
101100100001000000000
010101101000111101100
101010100010101010010
000100011011110000101
001011111011111000011
101101011100101011110
010010110011011111001
000001111001010100000
110001100010010110111
111011111111001001001
011110101000100010101
011000001100000010100
111101010110011101010
101001010110111001101
111111100011011000001
100011010001101111100
011010010010100001000
111011101101011100100
011001101111001001101
111000010110001100000
100111111011010000111
101101000100010111110
011100101111101011000
001101011010010101110
100111001010001110011
101111001000111011010
010110000100001001010
001100010101101000111
101010011010011010101
100011010010100100010
101011000101001110011
010000010000001010011
010110110011100111110
010011101010100001101
010101100011011001100
001010001010001011010
000001010001010001011
111101000010100110111
111001100010001111010
000101100001100010100
010010010100010100100
111011110010001010000
011001100011000011010
001101011000100001011
101100000000100001011
110101110100010000110
010000100111001010100
101101011110010010000
011111110101111110000
011011110000100111001
000000111011011011101
010110011110111110100
111101100100110100001
000100010101010010110
111101110111111110011
001110111000110111001
000010100111101011110
001101001111111100001
001110000001111100010
010101000110001101010
100110001010010100101
101010100110001100011
011000100000001001101
010011000111100010110
111100010100111110111
110101110110000110010
000100110010111100010
001011000110101101101
100010111010001000001
001011000010110010011
111111000111110000110
111110010000010001000
010001100010101111100
000011110111011110100
010000011010111010101
101010110001101101001
101100000010111000011
101110101110001100000
000110110101110001000
011010111010011010110
010011110011110100011
100101101111101110111
001000011101001100011
010011100001011001111
101010000011101011101
000010101010001110011
100001101001101011011
001101100010110010000
110111111101111111101
111001100000000111111
100000111001101001010
001110110001101000111
011111110010001110100
110110011100000000011
101011010000011001110
111111001111000001011
100100001110001111101
010111001001001100000
000011011001000010111
001111101011110101101
101111111011111001010
011101001111010010010
001001000001011010000
000110001111100111001
000010111111011011100
110000001110000000000
001101100111100001101
110101011011010010000
000010001001101100101
101000110110100110000
111110100011110100000
010001001011111010000
010111011101011101111
111011010000001110110
011000010100001010001
100000100100110100101
100100011000110101011
110101100011110001111
110110101001001111011
100100101110010010110
101110001000101111000
110000110010001111000
110001001011100100100
111000100011011100111
100000010000100001110
011001010001011000000
011000111101001101010
010011101100101011011
100011001010000101110
001011100100010010100
001000001000000100111
000011100011101000101
101001100001110010100
100111111111101111110
010110000001100001000
110000011111010001000
000010111001011001100
011110100001011001000
000100110000001110000
110011111000011000010
101001101111011000010
010000101010001010110
100011000111001101101
011011101100110010110
100011100011110100100
001111011010111011011
001010100000100100011
011111010110111010100
001110010010111001000
001011111010001111111
000111001111101100010
001111011010011000011
111010100000100000100
111001010010001011111
010000111001011101001
011101001111000000111
000111110111101111011
100110001001110111110
011110001101110000110
110100111001010011000
110110011001101110110
001001011011001010011
010000001110101110010
110001001011001001011
101000100001100110101
001011010001000011100
010100010011010010100
101111010011011100101
111011011110000100010
111111011101001110110
101111011110101001001
101000010010011001011
000110101101000110100
011111001000010000100
100011000000001010011
000101001111111101000
111011111100000010001
101100111000000111101
100010010011001110010
001101100110101010000
111110000101100001010
111101110010101100000
100001101111011011101
110010101101111010001
000010101000001111111
111001101101011000110
100000011111000111110
100011010011111000101
111101110111000010111
000111001000011001001
111110000000000100010
100110000001111100111
011111101000010011101
011111110110111101000
100101100010011000101
111010101110011011110
111010001010111001100
110100101111010111111
000101001101100110010
000001111110101100100
110010001110101000100
111110100011110000100
100101110101001010011
010111010101010010000
010010100001010000110
111010011110101001110
001011001001111111000
100000100011010011001
011000011010111111010
100001000001000101110
001110101001101101111
000110101110101110001
100100111011100011010
111101011000010101101
111001001001010100111
110010110111111010110
110000010010010101001
000001000000101001101
010010000101100111001
011010000000101000111
010000000010001111001
111001001100011001111
110100111000100111100
010101010011101111100
010001101010011011000
000110111011111001100
010000101001001111000
010010000000111111000
001101011110100001101
111110000001011000111
111110101101110010010
011001101100010110010
010001100111011111011
001001000111011100100
001010101001011000000
110110111101101110111
001011010111011111010
110110101001101000100
100101011110010111101
001111001011010110110
110110010101011000010
011010101010010111000
001101001111101010101
110000101001100010000
111010010011100101011
001110110110010111111
111000001011010011001
111111010010111010110
010011010111001100011
001100011011001011001
111010011111010110000
110001011100101101000
101110100110101011000
000101100111101001111
100101011110010100110
111100111100101111110
010001110100000100010
011101100101101100011
011010111000101010000
001100010101110101011
001010011010010011010
101000110100011001110
010100111111010110111
101100011110110111110
000110010110100001001
100001011111111010001
000110001110000110000
101000000001101110100
000010010110000100110
110001100011011100101
001100110011110011111
001010011010000111001
101000111111001110110
111000100001010110101
101101010000000001100
100111111010110100010
011000001110101101100
010000101110111011100
111110001011100111111
100010000101110101011
100001111001111101000
101101001110101000111
000101111001000011000
011100001010110011110
011111110011011000111
010011001000001000000
110001100101011001101
000101001011011011001
111110111100011001010
110100110000000001000
011000110110100011010
111001100011100001010
011111111011101000010
101100000101100000011
010111001010111110000
110111000001111101000
111111110010100001100
100110001010111101110
101100101011110010010
110001010000011111010
011001011101010001010
100011111001101111001
000010101100110101110
000000100010001000010
101100011010011110110
011001000001111111110
000111110011011011101
110101110010010010100
010001111010011100011
100001111000001010100
100000111100011100001
000011010010100000101
111001100111110010111
110001011001111110111
101100011110011011101
000010010010100011101
100011001011000001010
011110101000110001100
000001110010010101000
100111101000001101110
110100100001000010111
000100111111111001111
111001111100100000010
010001010000111100110
000100010101011110000
001110000000110100000
100100010100001010111
011000001110000110100
101001100010111011001
010100111010100110011
001111011100011110010
110011101010011001101
010011001100010000001
111011110111011001101
010011000011101101010
110110100011100000001
111000001100100111101
111000101111110001111
100010011000111111011
001011100001011101000
000100111000000100001
101111110000101000110
111010100000110101111
100100011011100110110
111011110010010101011
110110000010001010000
001010000110011110001
101111111111110010110
000111100100110010101
010111110100001101101
100110100111001111111
