# A309370 a(13) >= 185: Sidon set in {0,1}^13, integer componentwise addition.
# 185 vectors, one per line. Generated from the canonical Vela record;
# re-verify with: vela reproduce examples/sidon-sets/witnesses
0000001000010
0000001100010
0000001101001
0000100010111
0000100110011
0000101000100
0000101000101
0000111110101
0000111111001
0001000101111
0001000111000
0001001111011
0001010000001
0001010010111
0001010100101
0001101001000
0001101100011
0001101111100
0001110001110
0001110011001
0001111100000
0001111111010
0010000000101
0010001001110
0010001111110
0010010001110
0010010011101
0010010101111
0010010110010
0010011111101
0010100010111
0010100011000
0010101000111
0010110101101
0010111010010
0011000011010
0011000100101
0011001001011
0011001010000
0011001110101
0011001111100
0011011110000
0011100000001
0011110101101
0100000000110
0100000011010
0100001010101
0100001110110
0100010001110
0100010101100
0100100000110
0100101100010
0100101111100
0100110000000
0100110001111
0100111001110
0101000001011
0101000010101
0101001111101
0101010110100
0101100010010
0101100101100
0101101010110
0101101011011
0101101011111
0101110101001
0101111100111
0101111111000
0110000110111
0110001001101
0110001011000
0110010010100
0110010100001
0110011010000
0110100011100
0110100111011
0110110000110
0110110101011
0110111001010
0110111101001
0111000111001
0111001001010
0111001010011
0111010000011
0111010100110
0111100110110
0111101011000
0111101100010
0111101101101
0111110011100
0111110100101
0111111111111
1000000101000
1000001001010
1000011001101
1000011111100
1000100011000
1000101010100
1000101111110
1000110100001
1000110100110
1000111001111
1001000000101
1001000111011
1001001110110
1001010011011
1001010100001
1001011000100
1001011010010
1001100000011
1001100001101
1001100010001
1001100110000
1001110001100
1001111011110
1010000000100
1010000101101
1010001110001
1010010010000
1010011001000
1010011110100
1010100010111
1010100110000
1010100111011
1010101011111
1010101100110
1010110011110
1010111001101
1011000000010
1011000001110
1011001101100
1011010110111
1011011010101
1011011101110
1011100011110
1011110000000
1011111011000
1100000001000
1100000011111
1100000111001
1100001000011
1100010100101
1100010101010
1100010110010
1100011010001
1100011010111
1100011100111
1100100101001
1100100111110
1100101010101
1100101101001
1100110010010
1101011001111
1101011100000
1101011111011
1101100001110
1101101001000
1101110010001
1101110111100
1110000010000
1110011000101
1110100010100
1110100100010
1110110001011
1110111100011
1110111110011
1111000100110
1111000111100
1111001001101
1111001001110
1111001101011
1111010001000
1111010110111
1111011011011
1111011011110
1111100010101
1111100110111
1111101001001
1111101100001
1111101110100
1111110101010
1111110101100
1111111010011
1111111100010
1111111110100
