# A309370 a(22) >= 3770: Sidon set in {0,1}^22, agent-FunSearch priority+seed cascade
0101011101101001000000
0010011100011100100000
1100100101110001000000
0101101001101000100000
1001101011011000000000
0100111110010100000000
0111011010100100000000
0110100111010000100000
1000101010100110100000
0111110000110010000000
1100110011001101000000
1101100110000101100000
1100100001101110000000
0011001001011011100000
1100110110011001000000
0110001010011100100000
0101111100101001000000
1010111110110000000000
1010100101000011100000
1101110101001001000000
1011001101101010000000
1110000111001000100000
0100110100001111000000
1111100001001010100000
1110011010000110000000
1111101000000110100000
0110101101001010000000
1101010100100101100000
0110010001011110100000
0010110001110110000000
0001100111101010000000
1110010010001010100000
0000110101110101000000
1110001001010110000000
0100101010101100100000
1001000011101001100000
1111100111000010000000
1011011011110000000000
0001010111100110100000
0111100001000011100000
0011001010011101000000
1010011100100110000000
1000000111011111000000
0011111011001100000000
1001101111100000000000
0011000101010110100000
1100110001011011000000
1010010100010011100000
1101001101100011000000
0110100000111011000000
1100111110100010000000
0000011111111000000000
1101001100010100100000
1001110101010001000000
0111100001000111100000
1101010001101011000000
1010100110101001100000
0111001000010011100000
1101010011110010000000
1011101010000001100000
1011111000010000100000
1100110000101110100000
0011000011011011000000
1000101110001111000000
0011111011001001000000
0110101010010010100000
0011011111010100000000
1000110011011100000000
1011001111000010100000
0101101001010011100000
0011100001110110000000
1110110001000100100000
1011110101001000000000
1000001110011010100000
0100111010001101000000
0001011001100110100000
1100000111010111000000
1111000100100101000000
0001010111011010100000
0110110000111001100000
0111100010000011100000
0100111101101000100000
0000101011110011100000
0101111010001001000000
0011110010011101000000
0100110011011001100000
0011011011100100100000
0001100110111001000000
0110111011000011000000
1010101110011001000000
1000110100101101000000
1101011101001100000000
1001110001111000100000
0000111100101011100000
1000111110010110000000
0000100110011110100000
0100100010111101000000
1111000110010001100000
1100110001101011000000
1001101000001111000000
1110101000101100100000
0100101110111010000000
0000111011100111000000
0010000111110011000000
0100111011000110100000
1011111011000000100000
1101001111100010000000
1000010110111001000000
1111010010100010100000
1111001111000000000000
1101011011000101000000
1000101111110100000000
0000110100101011100000
0111100010111000000000
0110101111100000000000
1110000010001101100000
1110101001100001100000
1110101110000101000000
1110001100111100000000
0011010001011101100000
0101110001001100100000
1100001111001001100000
1101100101100001100000
0011011000111011000000
0101001011110001000000
0010001101001011100000
1010111100010001000000
0101011001101000100000
1001110100101110000000
0011100110101000100000
1110101010011100000000
1101001110010000100000
0000100110111011000000
1110010110111000000000
1001111101000100000000
0010000111011100100000
0100011101110011000000
1101110000100101000000
0100101101100111000000
0010110010101011100000
0100011100001011100000
1101001100000011100000
1001011000010111100000
1000100110110101000000
1000101100011111000000
0000111111001100000000
1000111010110010100000
0100011110110010100000
0011001110010111000000
0010010011011101000000
0110011101101001000000
0011101000110101000000
0010110101110001000000
1100001001101101100000
0001111101000110100000
0010000110111111000000
1011010010111010000000
1000111010101100000000
1001000011110011100000
1010000101111010100000
1101001110110100000000
1100101011110001000000
1100111000100110000000
1101011100010000100000
0101110000010111000000
0110100110110100100000
0010101110011100000000
0110111000010111000000
0111100000101101100000
1001111101110000000000
0111010000110100100000
1101110101001000100000
1011010010011001100000
1010110111001001000000
1110000010101001100000
0111110001010010000000
1100010010110101000000
1011001100001101000000
1100000001100111100000
0100101111000111000000
1010111010100100000000
1100110010100011100000
1110111100000011000000
1110111001101000000000
0110111000110010100000
0010101010110110000000
0101101000101101100000
0011010110010110100000
1001010010010111100000
1001010001010011100000
0010101011010011000000
0001111100011000100000
0110001011001001100000
0111010001111100000000
1111101110100000000000
1011100100110001000000
0001000111110010100000
0011111011000100000000
0000011101011111000000
1101110001011000100000
0010111111100000000000
0110101001001011000000
1111110100000000100000
1001011100011100000000
0101001101001010100000
1001001001001101100000
0110110010100100100000
0111100101011000100000
1011100010101100100000
0010101110100101000000
1010011110000101000000
0010111011100010000000
0110010001011110000000
1111000010101001000000
1000101111000111000000
0110100010010111000000
0111010101000001100000
0111011110010001000000
1011100110100001100000
1010001010100111100000
0001001011010110100000
1101110010110000100000
0011100110010001100000
0100111010111100000000
1011010010100100100000
0000101110010111100000
0110101010111100000000
1000011101011001000000
0000100101100111100000
0111011100001101000000
0011001001001111100000
0100001011101110100000
0001110001101001100000
0001101110001101000000
1101100100110010100000
1011000110000111000000
0110000110011010100000
0101001101011000100000
0101001100111110000000
1101011100001100000000
1110001000100110100000
1011110110100100000000
1001000011101110000000
1100010101100100100000
1100011110110000100000
1000100101001111100000
0101010110011110000000
0111001010001010100000
0110011001000111000000
1110001100100011000000
0010100110101110100000
1011000110001110000000
0001100010001111100000
0011001000110111100000
0110011010100010100000
1011100001100011000000
0010111001101101000000
0000100101101101100000
0110110101001011000000
0011010111000011000000
0101101100110010000000
0100110010111000100000
0101100000011111100000
0001111001100011000000
0100100110110110000000
1110010101100011000000
1101101011000001100000
0101101110101010000000
1001101101010110000000
1100010010100101100000
0011110101110000100000
1100011001100001100000
1101100001110110000000
1011000001010110100000
1000110110000111100000
1011001001100011000000
0111001100010011100000
0010011001111101000000
0110010111000100100000
0101011100110011000000
1000000111111100000000
1000011011110010000000
1111010000001110000000
0111011100000110100000
0101101011100100100000
0110101101011000100000
0011101101110000100000
1101011011000010000000
1010011100011110000000
1100001100101101000000
0000011011110001100000
1000010101111001100000
0011100010110011100000
1010000101011001100000
1000010101110101000000
0001011011010101000000
0100011011001011000000
1011010000111001000000
0010110100011010100000
0111000101100101000000
0000011011110101000000
1010001010011011000000
1010011011010001100000
0001111100100010100000
0011101001001101100000
0000111101100101100000
0011110100101011000000
1110001110100100100000
0101010111011100000000
0110100011101010100000
0100110111010001000000
0000111010011111000000
1010100111010100100000
0011100110100111000000
0010011001011110000000
1000001011001011100000
0010111100001111000000
1111001010100100100000
0000011001111111000000
0001010001111010100000
0101110100101011000000
0101010100100101100000
0001010001110101100000
1110101010001001100000
1001010011011010000000
1000100011101110100000
1100101001011100000000
1000101000110011100000
1010101100001110000000
1111110110010000000000
1010011100010010100000
0110110100010101100000
0001001111110100100000
1001100100001111000000
0111100101000011000000
1101110011001100000000
1001000101101110000000
1010101001011001100000
0010110101101110000000
1110110001110000000000
1010010011100010100000
1101100010010111000000
0100000111111010000000
1011000101011100000000
0011101110101001000000
0011100111100110000000
0001111000010011100000
1101001011011100000000
0001011100110111000000
0001000110101011100000
1011110010110001000000
0011110001101010100000
0101100010001110100000
0110110010111001000000
0011110100101100000000
0111001110001100000000
0010001111100101100000
1101110011100000100000
0101101010110110000000
0001011100101001100000
0001011010001101100000
0000110101110110100000
0000111011010010100000
0100000100111110100000
1111100101010001000000
1001001000011011100000
1110010001101101000000
0010111001010111000000
1001001100111100100000
0000101111001011100000
0111101000011001000000
0011101010001010100000
1101011010101000100000
1100010110010110100000
1000011001111010100000
1101101010001010000000
0111101001011100000000
1010010111001100000000
1001011101001110000000
0101001000111101000000
0101010011100111000000
0110000101110011000000
0111011010110010000000
1110000101010110100000
1100010011101011000000
0100111000010011100000
0000011111100010100000
0010011110100110000000
1000101100111001100000
1110001001100111000000
1011011010101010000000
0101010101010011000000
1001001011011001100000
0110001100111001000000
1100101001010100100000
0000100011111110100000
1101111010000001000000
0010100011100101100000
1001101001100100100000
1001000111010101000000
1010001101010101100000
0100001101111001100000
1101011100100010000000
0110000001111010100000
1010111001000110100000
0000100010110111100000
0011001011101010000000
1011110100000110000000
1001100111011010000000
0010100101101101000000
0001011110100110100000
0011010110000011100000
1011111000001000100000
1101111010101000000000
0101010111010001100000
0101000100001111100000
0110010001111100000000
1101010001110101000000
0011110001100111000000
0111000110100010100000
1001010110001101100000
0111010110001000100000
1000011000101110100000
0101100010110001100000
1101010100101100000000
0011111000010101100000
0010001101101110100000
1010010111101010000000
1100011101010001100000
1010001001111101000000
1100001111010001000000
0101100111010110000000
1001010111001011000000
1011001001110011000000
0110111100110000000000
0001010111000111100000
1001010000101111100000
1000111100001010100000
1110001010100001100000
1000110001101011000000
0000111101001001100000
1111010100100100100000
1000000101110111100000
1011011110000001100000
1111000101101000100000
0110011001010100100000
1100101110001000100000
0010111100110011000000
0110000100011111100000
0011001010100011100000
0001101000011101100000
1010110011100101000000
1000110000011111000000
0101111111000000100000
0100010111000111000000
1001010000110110000000
0110100101010001000000
0001101011100001000000
1110101110110010000000
1001111011110000100000
1011001010010111100000
1000101101110010000000
0011010011001111100000
0110001011001010000000
1110001101100110100000
1001111001100000000000
0101100101001100000000
1100100011011000000000
1011011010001000000000
1100110100000001100000
1011101010101010100000
1000001111111100100000
1000101000010110100000
0001001111110110100000
1101101000001010000000
0110011100000001100000
0010110110000101000000
0101001001011010000000
1101111000100111000000
1001100000111000100000
0011000111101101100000
1110001010101111000000
0011000000010111100000
0100001010110001100000
1110110101001001100000
0110000010110011000000
1100101110110001100000
1001011110100101100000
1010111110001100100000
0111101001011101000000
1100100110011111000000
0011101111001100100000
1001111100010011100000
0110011010101000000000
0011001111110001100000
0001110011000110000000
0110010111101001100000
1111100010011011000000
1100101001011101100000
0100100000010111100000
0010100101111000000000
1111010101000011100000
0001110011111011000000
1000010011111111000000
0101000110001001100000
1001011101011001100000
0110011110011100100000
1011000010010101000000
1101010011010110100000
0010100100011100100000
0111000101110110100000
1010010011110110100000
1001110000101000100000
0111011100111000100000
1011111001110100000000
1110000001011100000000
1110011011011000100000
0100000111000110100000
0100011110000100100000
0100111001101111000000
1000001110101001000000
1010000011011000100000
1000110011000001100000
0111001110011011000000
0011111100111010000000
0010011110011000000000
1110101100010111000000
1001001101000001100000
1000101101010000100000
1010100001111101100000
0010000000101111100000
1100000101000111000000
1001001000110010100000
0100101101100100100000
1100011101100000000000
0100110110101101100000
0111101101101010000000
0010110101000010100000
1111000110111100000000
0000110011001011000000
1110100110011010100000
0110111011100100100000
0111100101100111000000
0111001010001111100000
1110011100101011000000
0000000101101101100000
1010000001111010000000
1110010011010000000000
1101101000100001000000
0100110000111100000000
0110100100101100000000
1110010001100001000000
0111100000001011000000
0101011010111011000000
1110000001001101000000
0110011101110110000000
0001001100110011000000
0010011001000101100000
1010001010110100000000
1101101000000001100000
1101010101010111000000
0101100011101011100000
1101000101011110100000
1000000110010011100000
0001001111100100000000
1000110110111010100000
1001010000101011000000
1110000110110101100000
0000111010001100100000
1010110110100111000000
1011010100111101000000
1101000011100100000000
1101110110010011000000
0111001100100000000000
0011000000011001100000
0000011110000001100000
0000101011010001000000
1000100100110100000000
1110010000010001000000
0101100101111101100000
1001101100001010000000
0010101110111101100000
0100011000110001000000
1110000011111110100000
1101101111010011000000
1010000001110100000000
0001100111100000000000
0111010010110111100000
0000001010110010100000
1111110011100101000000
0101001001000110000000
0111011101010111000000
0100101100001010000000
0001100110010010000000
0000110001000110100000
1001001010010000100000
0000100110100101000000
1010111110100110100000
0100111111000111100000
1100010000001100100000
0101001010000101000000
0000111011010000000000
1111111000010101100000
1101011110011010100000
1111101011110100000000
1101001001111111000000
1010100000110010000000
1010000000100110100000
1110110011110010100000
1000101101110111100000
1110001100100000000000
0100111101111110000000
1011011011101100100000
0101111100011011100000
0000010010101001100000
0100011111101011100000
1011011011100111000000
0110110111011110000000
0010010100001011000000
0100100001110000100000
1011011000000100100000
1111111011000110000000
1111101101001100100000
1100101011110110100000
1110011101001011100000
0100000101110010000000
1011100011011101100000
0011011000000011000000
0111001110011101100000
1100111111101000100000
1001001010000110000000
1110011110001111000000
1111001000111111000000
1110101011100011100000
1111110000111110000000
0000111000011000100000
0011111001110101100000
1100010010000010100000
0001110010000010100000
0111110010011101100000
1001111001101011100000
1101000111111101000000
1001011111011101000000
0111000110000010000000
0010001001101000100000
0101000101010000100000
1101010110011101100000
1111011011011001000000
1011111101101000100000
0101011011110110100000
0110110001011111100000
0111111100010110100000
0110000010000010100000
1000010001010010000000
0100110110111111100000
0011001000000100100000
0011111011110011100000
0100100001010000100000
0100111110111111000000
0111111110101010100000
1001110111111100100000
1011110110111101000000
0001010000101010000000
1001101100111111100000
0001010010000001100000
0010000100101010000000
0001010011010000000000
1001110111111010100000
1011011101111100100000
1001000100001000100000
1010011111111011000000
1011101111010001100000
0101111011101111000000
1111100011111001100000
1111001111001110100000
1111101100111010100000
0110111111011101000000
1111111011100010100000
0000101000100001100000
0101000010001010000000
1111100100010111100000
0100100000101000100000
0001101000010100000000
1111011010101101100000
1101010011111110100000
0000010101001100000000
0100000011010100000000
1101101110101101100000
1000100110000010000000
1110000111110111100000
1100000100010010000000
0000001011001000000000
0010111111110111100000
1011111101001111100000
1111010111101110100000
1110110101101111100000
0000000000011110000000
0111010111111011100000
0010000010100010000000
1000000111000000000000
0000010101010001000000
0000000001001110100000
1101001111110111100000
0000101011000000000000
1111111101110101000000
1111111111011010000000
1000010000000101000000
1010111111011011100000
0000001111000000000000
0000000001110000000000
0000010100000000000000
1110111111111110100000
0010111011011000010000
1101101001000100110000
0011001110001100110000
0110000110010011110000
0110010100111000110000
0010100110100111010000
0000010101011101110000
1000011100101011010000
1010010011001010110000
0111000000011101110000
0000110111100101010000
1101000110000101110000
0111000110001011010000
0101110010010101010000
1001111110010000010000
1110000010110001110000
0100101100111010010000
1100110110100001010000
0101001010010110110000
0111001011001001010000
0111110000111000010000
0110101010011100010000
1001011001011010010000
1000111100100010110000
0111100100101100010000
1101110001001000110000
1010110001100011010000
0110101000100111010000
0010110010101101010000
0001111000110100110000
1101000101110000110000
1100000101101011010000
0000001011010111110000
1100100101010001110000
0000011110110100110000
0011001101000111010000
0000000011111101110000
0001110011110000110000
1110101001000110010000
1001100000001111110000
0000110111110010010000
0001100101011100110000
1111000010010110010000
1010011000101010110000
0000011011101100110000
0000100011011111010000
0001010011001111010000
0001110100101010110000
0000101111111000010000
0101001101001010110000
0111001001100110010000
0101011110100001010000
0101101101001100010000
0000100100101111110000
1010111000110001010000
1011101011000000110000
1000101110010001110000
0110000110110101010000
1001110101000010110000
1011101001000010110000
0010000001111101110000
0010010110010101110000
0011111000001100110000
0100110110000110110000
0001011010100011110000
0100010011101001110000
1100001111010100010000
1101111000010100010000
1010010101001110010000
1011110010010000110000
0010001000111110110000
1100011000001011110000
1100101011110000010000
1001001010111010010000
0111100010001100110000
1110100010001011010000
1111000010100011010000
1101000000111100110000
1111010010101000010000
0100001000111101110000
0110110010000110110000
0001111100100001110000
1001100100010011110000
1010110001011000110000
0001100010111100110000
1110001011000010110000
1000000101110101110000
0011011010001011010000
1101001001100101010000
0101111000110010010000
0011010100101101010000
0100110011101010010000
1010001110101000110000
0011111000101010010000
1010001000111110010000
0011011000011001110000
0100001101100011110000
1100011000011101010000
1011001101001001010000
1100100001010101110000
1010111110001010010000
0011000111111000110000
0001010110111010110000
1010011001100100010000
1001100011110000010000
1110000011100000110000
1100010001101001010000
0111101100101000110000
0011101001011110010000
1000101110110000010000
0101100110010110110000
1110110010001110010000
0100011100000011110000
1000111010011100110000
0101010000001111010000
0001101001010011010000
1110010100001000110000
1010001000010110110000
1011010110101000110000
1001001011101011010000
0101010001011001010000
0010110000011011010000
1110000011001110110000
0000001111110011110000
1000111100110101010000
0000100111100101010000
1000101111001001110000
0011100111110010010000
1101001101100010110000
1100100001111010110000
0110011011010010110000
0100001010101110010000
1111001101000101010000
0101110001100110110000
1100110100001110110000
0111101111000100010000
1010101011011010110000
0111110111000010110000
0000000001011011110000
1111101100111000010000
0010011110001011110000
0101101001001011110000
0111000001010000110000
0111110110000001110000
1011100110011011010000
0110010101010100010000
1110011001011011010000
1000111011011110010000
0100010111000001010000
0101110100100111110000
0100101001000101010000
1000001110111111010000
1000010101111011110000
0100011000000110110000
0100101111100110110000
1101000010100100010000
0001000011010010110000
1110001101011001110000
0111010001101100110000
1000100000011001110000
0010111000000011010000
0010111101110010110000
1011100001010101110000
0111101111010001010000
1011110100010011110000
0110101100111101010000
1100110011110011010000
1110010100101101110000
0000000111100100110000
1101011101110000110000
1000000011000111010000
0001011111101110010000
0111001010011111010000
0010101011101011110000
1011110111000111010000
1110101110110110010000
0101001110111011110000
0101011001000000110000
1110100111011101010000
0011110110101110110000
1010011100111101010000
1011100101111110010000
0001001010010100010000
1101111110101100010000
1000100000001101010000
1101110111100011010000
0001111110011101110000
0011000001010100010000
1010101101011111010000
1100101011101101110000
1001011110110111010000
0100010010011000010000
1101011011101110110000
0111111100001111110000
0110110101111110110000
0111110110111101010000
1110011100011111110000
1111100011011101110000
1110111010111010010000
1111110011001011110000
0010001100000010010000
1111011000111110110000
1111111001110010110000
1000001000001001010000
0000001000101000010000
1101101111100011110000
1011011101111011110000
0111111010111111010000
1100011110111111110000
0110101011111111110000
1100111111110111110000
0011111111111110110000
0001000010000001010000
1011100111111110110000
1111111111101001110000
1111111110110111010000
0000000100010000110000
1111111101111111010000
1000110001000111110000
1010100011000111010000
1010100001100110110000
1111010000010001110000
0011011111000010010000
1010011011100001010000
1010000101100101110000
1001001100111001010000
0100011110100110010000
0101100011010001110000
1011101000100001110000
1110010001000111010000
0110001011100101010000
1001110111001000010000
1010000101111010010000
1101001110001001010000
0110010101101010010000
0010111100000101110000
1010010110011010010000
1010001111100001010000
0100110101001101010000
0101000110101101010000
1101000010011010110000
0011101100010011010000
1110010000011100110000
0111100101001010010000
0110011010010110010000
0100111000011011010000
0000101101001101010000
1011101010000011010000
1001001001110100110000
1100111101010010010000
0001110100010101110000
0001001101110001110000
1110100100100100010000
0101101101000001010000
1110010111000001010000
0011100101010100010000
1010010111000100110000
1110001100111000010000
1110111001010000010000
0000001010101110110000
1100010100100011010000
0010011111111100010000
0101101111100100010000
1100100000101000110000
0110000100110110010000
1100011111001011010000
1111000001110011010000
1000000111101111010000
0011111101000001110000
1001010011000011010000
1001110000000100110000
1101111110010100010000
0011010100000100110000
0011010111010111010000
0000110100101100010000
0101110111110100110000
1010001101000000110000
0010111011001101110000
1111100111101000010000
1001101011100111110000
0111010110100111110000
0100110011110101110000
0111010000100000010000
0010111111011101010000
1010000001001100010000
0010101101110111110000
1011111011010111010000
1100010000000001010000
1100100000100000010000
1100010111111001110000
0111011111110100010000
1001100111110111110000
1011111101011100110000
1111000110111110110000
0010000001010000010000
1001101111011111110000
1011111111100110110000
0000000010000010010000
1100010000101100111000
0100010110000111111000
1111000010000111001000
0101001011110001001000
0011011011011010001000
1010101011011000011000
1111000001101110001000
1001111000110100011000
0011111000000111101000
0110101000110010111000
0001011000101011011000
0111110100000110001000
1011100111000001101000
1001011101000001111000
0110110101110100001000
1001011100001111001000
0010111100001101101000
0000001101111100011000
1100100101011001011000
1001111010100101001000
0110001011011000011000
1001001001010101101000
1000001010101011111000
1011011100000010011000
1110011010110001001000
0010101110110000111000
0100110010110001011000
0010010001110101101000
1110010011000000111000
0001011101111010001000
0110101100011100101000
0001101101001011101000
0110100001100110011000
0111101001000100101000
0100000011111011011000
0110100110001100101000
1000110111010110001000
1101010011000011001000
1011010000010010111000
0100000100111111101000
1100011000111100011000
1010111001100001011000
0000111011001001111000
0001010000011111111000
0011010011101001101000
0101110010101100011000
0110001111100010011000
0101001110001001101000
1000001111101110001000
1100000100111110101000
1101010100000011011000
0011110100011001101000
1101101010000011101000
0001111101001000011000
1100001110000110101000
1000111000010001111000
1110101000100011001000
1100100010010100111000
0000111011100100101000
1010100111010010001000
0110010011010100111000
0110101101000101101000
1101100101000100111000
1110000000011010111000
0100001100011110111000
0010110010101101101000
0100111001011100001000
0000110010100101111000
1000010101100110011000
0110100110110001101000
0100110001110011101000
0010010100111110011000
0100110111100001011000
0101000010101110101000
1110000110001001011000
1001001010111000101000
1011110100100010001000
1101111100010000101000
1111000100100110011000
1110110101110000001000
1010001100001100111000
0101001001010111101000
0001010101010010111000
0001000100101011111000
1110000001011011101000
0001001111011001001000
0000101010110011011000
1010100101011000111000
1110001010101010011000
0001100111010101011000
0110010011001110101000
1010101000111011001000
1101101000001110011000
0110100011101011001000
0000001111110100101000
0101011110001101001000
1111001000010101011000
0001100101101011011000
1011000101110100101000
1100101100011010001000
0011010101001001011000
1100011101001000101000
0110001000001011111000
1111100000110010011000
0001010011100111011000
0111000100010111011000
0010100100110011111000
1000100100110101111000
0100111101000011011000
1000000110110111101000
1010110001100110011000
0000011100110111011000
1001100101110100001000
0100010010101101011000
1110001001111100001000
1010111000000101101000
0010010100101010111000
1011100100000101011000
1010111000100010111000
0101001011001100011000
0110111101000101001000
1101100011100100101000
1010100000111100101000
1010001011000111001000
1010000110110000111000
0001011000111100111000
1110011100010010011000
1110011111100000001000
0000101011101101001000
1000100010011111101000
1000100011001101011000
0011100100010110111000
0010110110011110001000
0111110110000000111000
0010001011110001111000
0011000101101100011000
0101101000111001101000
1011010001101010101000
1010011010000110111000
1010111001001001011000
0010110111001010001000
1010001101010011101000
0100010011011001011000
0011001100111100101000
0011001011001101101000
0010001111001100011000
1001101010011101001000
0111100100101011001000
0000010111001100111000
1011011010010001101000
1000101111010001011000
0101001100100101101000
1111101000000001111000
0000111110011010101000
0011000111100001111000
0110001100100101111000
0101001110101001011000
0100111000111001001000
1011001111100010001000
0001101001100100111000
1111100001110000101000
1101100110010001001000
1000011111010100101000
1101000000001111111000
1101101001010000101000
0101110011011000001000
0101000111100011001000
0011110101001100101000
0110101001000110111000
1100010010110110001000
0000110101110100111000
0011000011010010111000
0011110110110100001000
0100100110010111011000
0000110011001110101000
0011001110001000011000
1011000010100101001000
1010011110101011001000
1001000011011111101000
0100011001000101011000
1000110111010010111000
0100001100111000011000
1000010011101111001000
0101101111000000101000
1011101110010010101000
0111000001110001001000
0010010111010100001000
1001100110001101111000
1111010100010011101000
1001010011010000011000
0100011111100110101000
0010101001011001001000
0110100011100111101000
1111100101010101001000
1000001101011010101000
0111000010001101001000
0001101010100010111000
0101010111011010101000
1101110001101100101000
1111011011001000101000
1011100110101001101000
1010110011010101011000
0101010110011110011000
0001000110001110011000
1010010000001111111000
1100010101100101111000
1001011100100111101000
1000011000011010011000
0111100110011100011000
1100100001100001101000
0100111100110000001000
0011100010001010101000
0110001100010100011000
1101110001110011001000
1001000101110000101000
1001010101000101001000
1010110001100111101000
0001011110110011101000
1011000011001011111000
0111010010011011011000
1010011000011000101000
1100111010100101101000
1010001100000111001000
0110100111011011011000
0011100101000001001000
1101101100011110101000
0101001000000001111000
0000101000111000011000
0101101111110010011000
1011011110001010111000
1110111010000101011000
0110111101110010011000
1101000011110011111000
0101011110111000111000
1000111111100011101000
0011000100011000011000
1100010000010000111000
1000100101111011111000
0000100010011010101000
1110100010111111001000
1101011100111010001000
0111011001010110111000
1000111111011100101000
1010110110111000111000
0111000010101000001000
1100101011011001111000
0111100101110101101000
1011000000101100001000
1011011010011110101000
0001010100010110001000
0111011001011011011000
1010011110101100111000
0110000000001110011000
0110101011111001111000
0100101000001001001000
0000010001001100101000
0000100101101010001000
1101100011011110111000
0010011100000000111000
0101000000010010011000
0101101101100111011000
1101111010111100101000
1100111011010011101000
0111011101101011101000
1001111011101001111000
1000011001001000011000
1110101010110111011000
0001100010001010001000
0101010111101101111000
0110111100110101111000
1100111110111011001000
1011111111011001001000
0001101111110110111000
1111110111010100011000
0111110111100010111000
1011011010111010111000
1111001111101010011000
0111000101000000001000
0000010100010001011000
0010000000000001111000
1011100111111110001000
0000010100001010001000
0110001000001000001000
1001111101101111011000
1110111001011111011000
0111101111110111101000
1111110111111000111000
1111111110011011011000
1111011001110111111000
0100000001000010101000
0000010000100010001000
0110110111100111111000
0110101111101111111000
1111110011011101111000
1101100111111011111000
1100000000100000001000
1011111111101101101000
0111111011111111011000
1101111111011101111000
0011100000001111011000
0010100111000001111000
0011000110100111101000
1100001101100100011000
0100110010000011111000
1000111010100000111000
0011110010110010011000
0000111110001011001000
1001100000101101011000
0011100010010101101000
0111111001000000011000
1110000101000111101000
0101100110110010101000
0000011000111111001000
1011110000001010101000
1001000000111111011000
1000000011111100111000
1100000101101010111000
0100010111000011111000
1100110100001110101000
1001101110001010001000
1100001010110111001000
1001110001001010111000
1001010010011011101000
0001100011010110011000
0010101110010111001000
1011010000111000011000
1100010010111001101000
0001011011110110001000
1110100100000110111000
1111100110000100001000
1011001001001110001000
0101110001000111011000
0000001110001101111000
0010111011100010101000
1000111110000101111000
0110001001000111111000
1101110100111001001000
0111001000111010101000
1100010111000010001000
1101101000101011101000
1010001010110110111000
0000110001101100111000
0010101011101010101000
0001011110110000011000
0010001101011110101000
1101000101001000101000
0001110111101100001000
0101111101010010101000
0101111011100010001000
1011111100010100001000
1100111100010100111000
1100011010010100001000
0101111100101110001000
0101111101101100101000
0011100001111110011000
0010010101000001101000
0111101001011001011000
1001011101011100111000
0110010101111001101000
0111011111010001101000
0001011011100000011000
0101000100110100011000
1011001011110101011000
0010101000110010001000
0110111111001011001000
1101010111101100101000
1110110010000000001000
1100101111101011001000
0011111101001011011000
1111110100110001111000
0100100010001000011000
1111110010101001111000
1111011110101000011000
1001001101111011111000
0001101100000000011000
1010100001110111111000
1010111000111110101000
1001111111000110011000
0111111011011110001000
1110101111011010101000
0101111000101111111000
1000010010000010101000
0111011110100111011000
1000110111111011111000
0110011110111101111000
0001000000110000101000
1111111101111100011000
0000011101100011110100
1011001011011000001100
0110100100001111100100
1010101000000111110100
1011100001101001010100
1001111000111000010100
1001000001111101001100
0001000101110010111100
0001100111110010001100
1000001101001101011100
1110000101001001011100
0111000110011010010100
1001001101110100001100
1010011100001011010100
0101100010001011101100
0010010001111100101100
0010010110100111100100
0000010011011011110100
0110101110010100010100
1100100110111000010100
0011010110110000110100
1110010100001101001100
0100000100011111011100
0001111000101110001100
0011010010011101100100
1100001101001101100100
0011000011100011101100
1011010001000111010100
0000100001110111101100
1000111101100001001100
1001100010010111010100
1101010000100010111100
0111011000101000011100
1100010001011010110100
0010111010011001001100
0100010110110101001100
0101110100001000111100
1110011000000011101100
0001100111000010111100
1011010101011000100100
0101001100110010101100
0111001000101101010100
1110110001100100001100
0010010111101101000100
0110100001110110100100
0101000111000111100100
0011010010000011111100
0001101111000100101100
0010111101001001010100
1110011110011000000100
0000011101101010101100
0111111010010010000100
0110011010110010001100
1110100000101100011100
0000110110110100110100
0100001101111010100100
0010011011010000111100
0001111001001110100100
1010101110001010001100
1001101000101110100100
1101000001011100110100
0000001111111001010100
1001100100100111010100
0011100110100011010100
1100101011001001100100
1110000011110001010100
1110001001010001110100
1101100101001010010100
0110101101011001000100
0010010010111001011100
0101010001110001110100
0011001110100010011100
0101100000110101011100
1001100101111000001100
0011010010011110001100
1100010001011100011100
0000111101000011101100
1001101011101001000100
1101101000000110101100
0010101011100100011100
1000110101011110000100
1000111110000110100100
1010001111000110001100
0101010111010000011100
0010110100110110001100
0110101000001101101100
0010111110100100100100
0110010000011100111100
0111100001111010000100
0011010000110001111100
0110000111101100010100
0111001010000011101100
0100100010111101100100
1000101000110110110100
1010111001100000011100
0010111000010111100100
0101110001010011001100
0101101110001100100100
1101011010100101000100
0011110101010010100100
1111100000010101100100
0010100100111001101100
0000010101010110111100
1100101001000011110100
1000100011100101011100
0111010001010011001100
0000011110000101111100
0101001011101000101100
1111000001010110001100
1010001101101010100100
1111001010000111000100
1000000111111010100100
0000110010111111000100
0111110000100010011100
0110100000110001111100
0011001100100110110100
0010100011010101110100
0000101101101000111100
1001110000111000101100
1000000010110110111100
0100001011000111110100
0110010001111101000100
0100001011110010011100
0010011101101001001100
0100000111011011010100
1101010110101010000100
1101000111100100100100
0001111010011001010100
1010100111010110000100
1001001001011011001100
1101011000000110110100
0100110001000111011100
1100111000101000110100
1010101101010100010100
1100001000001101111100
1010101100100101100100
1101100000001110110100
0110111010001110000100
1101010110011000010100
0010000111110101010100
0110011100000110011100
1010100000101111001100
0101000101101110001100
0100010001100111011100
1011100010000110101100
1011000000101001111100
1100011110000100101100
1010000110100011101100
0101001010010101101100
1110101100001100010100
1101010100100101010100
0110000110101010101100
0000100110011111010100
0010010010110110101100
1100010010111001100100
0101101011110000001100
1011111100000101000100
0111100000011011010100
1010011110000010011100
0011011011110001000100
1001101100010010011100
0101001001010111010100
0101011000010101110100
0101000101001110110100
0011101101001001100100
0111111100001000001100
1001001011001010110100
1001100011100001110100
0001011000011110101100
1000110100001011101100
0011101101011000001100
0101101011110010000100
0100010011100011101100
0001110001011101010100
1100010010001110110100
0001000011111001101100
0101001001001111001100
0000101110001010111100
0001111010011010010100
0111000110110000101100
0010111000100011101100
1001000011101100011100
1111101000010000011100
0101000110001011110100
1011001010111001000100
0111001110110100000100
1010001010111000110100
1001110000000011111100
0000110110110001101100
1010000101100001111100
1000011100010110011100
0101111011100001000100
1110010001001100110100
0110100011101000101100
0001111110010010001100
1001000011010111001100
0011000001110110011100
1000011001011011100100
1001101101000100110100
0110001101000110101100
0001011110001011010100
0000111000111000111100
0010011110011011000100
0100001110011001011100
1001111010100001010100
0011110101000001011100
1011000000111011010100
0001011100100100111100
0110001011101000010100
1110111001101010000100
0100000111000110011100
0110011101010000001100
0111100111011000100100
0100001100110010110100
1100100010100111000100
1001101101101011000100
1101000110110011100100
0100110100111001000100
1101110001011100001100
0011100110100110110100
0111101001100101001100
0010000110011011100100
0001011100011010010100
0110001101110101100100
0111010110110110000100
0011011000110011101100
1000001110001100011100
0011100000100100111100
1100101110101100001100
1110001010000010011100
1010100100010110011100
0011100001000110011100
1110111011010000001100
0111101001010010110100
0000001000110111011100
1101110010011101000100
0110111010101001100100
0001110011001110101100
1101110000100111001100
1111001000000100110100
1110001011010101100100
1100101111010100100100
0100100110010101001100
0100010000011101110100
0110100110010001010100
0111010000011111100100
0000011101011000110100
1011010110101100100100
1101100111010100010100
0101111101100001100100
0111100000101011110100
0000101111001100001100
1110110101000011010100
0010011011111001100100
0100110101011001110100
1100011011110010010100
1100001111011110000100
0111001110000100111100
0101011101111000010100
0101110100001101000100
0010110010000110110100
1011010100100101110100
1011110011000111000100
1111001010011010100100
0101000100001111001100
1101010001000100101100
0101011111000011001100
0001110111001100110100
0000010101011101001100
0001010101100111000100
1001110000110000011100
1000000100100110111100
1011010110101100001100
1101000010001011001100
1000001001111001000100
0111011110000010011100
1100100100111110110100
1000111101110110001100
1010000011000110001100
1111001101110001001100
1011001010011100111100
1010010110110000000100
1101001010110011110100
0000111100010011111100
0011101100010100001100
0100001011001001001100
1100100111110010011100
1100111010000000001100
0111110011010011010100
1111100111010001001100
1010011010010000100100
1000100010111111110100
0010101101011100110100
1100100011010100000100
0011111100101100011100
0010110001101000100100
1011000001010010100100
1011101011100010101100
1011101101001111000100
0010111100100000100100
0000011101010100100100
1100010000011000101100
1000110001101101110100
1101111111000010010100
0101011100011010111100
0110001000110100010100
0001101001010110000100
0100010011011000010100
0000110110101000001100
1110001111000111001100
0001101100100000111100
1010101011111010010100
0110101001000010010100
0111101000001011111100
1001001110010111011100
0100011000001100011100
1110011100101110100100
1111100101001010101100
0000001110111111101100
1100110010000100001100
0101010011110110110100
1011110001110100011100
0010101000110001001100
0001010011011101111100
1111010101100100101100
0101110000111011101100
1011011100110100101100
1100011100110011101100
1100100101000000011100
0010110010110110111100
1100111100110110101100
1110000111011011110100
1100110011101111100100
0010101001101111111100
1001010111100101011100
0111000110111101001100
0110110101010010111100
1101110010101011101100
0011111010111011100100
1101101111001101010100
1011011111011010010100
1110011010010111101100
1010001111100111110100
0111110111010010101100
0000000001001111001100
0110011010101001111100
1110000011111010111100
1100001100101000010100
1001111001111111000100
0110101111101001100100
0000101001000010101100
1110010110000000001100
0101011010110110111100
0111001011110101110100
1110101010011011011100
0001100001100101000100
1010100010111111110100
0011110111111001010100
0010100100000100110100
1001100110111111001100
1111110010001111110100
1101011011001011011100
0011000000000110100100
1000101101011111111100
1010110000000110000100
1110101001101111110100
0100100001000100100100
0010000011100000001100
0110011101111011110100
1001011011101011111100
1100111110111101001100
0100000010100100001100
0010000100100001001100
1001011000000000010100
1110101001111111001100
1101011111010001111100
1111100101111100101100
1101110110111001011100
0011111110110110110100
0000010011100000010100
1011111111011001010100
1101111101111001100100
1110111011001110101100
1100011101011110111100
1101111111111100001100
1000000100010001001100
0001010000000000101100
1011110101110011101100
1111110101101100110100
0011110111101011111100
1111011011111111000100
1111110111101011001100
1001111111111011100100
0000010001010001000100
0110110110111111101100
0000000000010100110100
1001000100000100000100
1111111011011001110100
1000000000000100010100
1011101111111011011100
1111111111110100110100
1110000100110010110100
0001000110110110101100
0100100000101011111100
1000011010111101000100
1010101001001100110100
1011011000001011100100
1011101001000101001100
1110100010110010001100
1001100011000110110100
0001111100111100000100
0100010011011111000100
1110010000100011110100
0111000101011001001100
0011110100010011010100
0110111000110100010100
1110110100010100001100
0101101010011010100100
1100011111010001000100
0111100011001001001100
0100110110100010110100
0110110011000001101100
1110100010011000101100
1111001100001000101100
1100011001101110000100
1100110010101010010100
1010110000001011011100
1101110100010000110100
1100100011000011101100
1010010110010101100100
0011011010101000110100
1100110100110010100100
1000010011010011011100
0011111011000100010100
0101011101001001100100
0101100100111011000100
0100011011100100110100
0010000111110000111100
0001110010001101011100
1111100001000001111100
1001011010110001001100
1111010001101001010100
1010000001011111010100
0101000000101101101100
1011100100101100010100
1010001111100011000100
0110011001100111001100
1000100010001100111100
0100100101110100011100
0001010100111100011100
0111101101001000010100
0011001100110101100100
1001101010100000011100
1000110100001101010100
0101001000110111100100
0011011110101101000100
1111100000011001100100
1001001110111100010100
1111010110000010001100
1101001101110000100100
1110100110000011100100
0110010111000011010100
1001100101001100011100
0001110101001100101100
0100011110101000101100
1111001111000100000100
1010101000111100101100
1000000001110101111100
0100001111010101101100
1100000100001011101100
0010011101100100010100
0011100000101010011100
1101100111100000110100
0110011101100010011100
1000001100110111101100
0110101100101001011100
1001111011010100100100
0010101001111011110100
1011011110101110000100
0010011001010000101100
0011010011101010011100
0000100110100001111100
0000110101101111110100
1000011011100111101100
1010110100111001010100
0010111111100001101100
1100011100010101110100
1000000001010011110100
0111010111000001111100
1001100010010001101100
0101110110000000010100
1011100011111000110100
0110111011011100100100
1011110011011010001100
0011111000000100110100
0011001101101110011100
1010110100011101011100
1101110011100101010100
1000111000110010000100
0000101010001110001100
0100100010011010010100
1100101010111101101100
0000010001101011001100
0000011001000001011100
1111011001111001100100
1010000011000010010100
0101101010011111001100
1011000101111101100100
0111111110011101000100
0001010101101100000100
1000001010110000011100
0011000000100001110100
1001000111111011010100
0000001111000000110100
0110101101011110110100
1001100101000000100100
0110010001110111111100
1001000010000011100100
0011111110101110010100
1011001110111101110100
0011111011111100001100
1101101110110110010100
1001111110110001101100
1111100111011100011100
0001000111001000000100
1111111100110111000100
1111001001011111011100
1000011000000001001100
1011001111110011111100
1111111001101110011100
0000010000001010100100
0010011111111111001100
1111101111001001101100
0111110100011101111100
0000000100010011000100
0111111001111011111100
1011011111101111110100
0100000001000000101100
0111110111111110010100
0000110000100000000100
0111111011100111111100
1111101111001111101100
1111111101111111010100
1110111110110111101100
0101001000100001111110
0110011010000110010110
1001000011001111101010
0001100100101000111110
0001011001111110100010
1000001111101001001110
1110001110110011000010
1001010101100110000110
1000111010001100011110
0000101101011011100010
1100100001110110101010
1011110001111000000110
0011011100011011000010
1000010110110011101010
0001000111010001111010
0110000011010111001110
0110000100011111001110
0010110010001101100110
0110000010101001101110
0011101100010100110010
1001111010000011001010
1111110001100000001110
0110110011011100001010
0001010111101010100010
0000011100010110101110
0101110001001111001010
0001011011001110010010
1001101000110011110010
1010001001011001011110
0000111110111000001110
0011000111010010101110
1100110000111010100010
0100110110110001010110
1100100011111011000010
1101110100000110100110
1100010100011111100010
1011011010001001100010
1011111100100010000110
0100100001111111000110
1001011100001101101010
1001101010101100010110
0110100010000011011110
1101101101001100100010
1100100101101001100010
1110011001000000110110
1100100001100100111010
1110001010100011110010
0010001111001001110010
1011010100000110101110
0101000111101001100010
1101110100000101001010
0101011000110001011010
1010110101100000011110
1000011101100110001110
1011000000111100011110
0110001010010111010010
0111101010000101101010
0010110010010111010110
0011011010110001010110
1100001100101011101010
0001001101110111000110
0110111000110001001110
1101100001011101010010
1000011001111001010110
1001110000111010011010
1010000100111111000110
0110100100101101011010
0100011111001011001010
0100111100010001100110
1010111101101010000010
1000011101011010100110
1001111101000000110010
0010110001010011110010
1101001010010011110010
0000010101011011101010
0101110100111010010010
1000111100101001010010
1010111110101100000010
1101110000110101010010
0100000111111110010010
0110001010010001111110
1011010010110001100110
0100100011010111110010
0100100100000101111110
1000011011101001011010
0111000000110010011110
1010101011001011000010
1000110100001011011010
1000011100100101010110
0110101110001110010010
1010100011010110001010
0110110101010100101010
0000001111100111011010
1001000011011000111110
0011000001101101100110
1001011110100000100110
1100001111010000010110
1111001010011000100110
0111111011000010010010
1011100011100101010010
1101001010101101001010
1010001011010001111010
0001101100100011111010
1011100111110000000010
0010010010101111110010
0001000110110011110110
1011001101110100010010
0110011001100100110110
0000011110101110010110
1011010011001010001010
0110011110110000110010
1011011101100001100010
0100111111100011000010
1111100000100010101010
0111101001110001000010
1010101100000010111110
0001010111011001000110
0110100101100001101010
1011110010110000110010
0101010100110001101010
0001101001010110011110
1011100011000001010110
1000110110110101100010
0011100110101101000110
0100011011001100110010
0111010111000010110010
0100101110111100100010
0101010100010101010110
0101011101001001001110
1100110011001010100010
0010101101011010100110
0011000010101010111010
1010001000101100111010
1111101000100101000110
0011111110100001010010
0010100010110001111010
0001011000101011110110
0010011011111101000010
0100000011010101011110
0001100001111001100110
0101011001010101100110
0000001011111100100110
1100011011101000101010
0100100100011111010110
1011010000011010011010
1011000100011110001110
0011100011010011001010
0111110000101110010010
0101110011100000011110
1101010110100011010010
1110011100010100010110
0110110110010010011010
1010100000111110001010
0111011001111100000010
0111010100101000101110
0101110100101000101010
0101110010000001111010
0110010000110011110110
0101001110100100101010
1111001000001110010110
1000000111100110010110
1001010010010011001110
1001011110010010001110
0011000001111010101010
0000101110110001100110
0111000001001110101010
0110110010101000110110
0010111100111001001010
1100010111110000011010
0011011110000010001110
0101101010110100010010
0110010100010010111010
0110000101100111101010
1111000100011110100010
1100001000111001110110
1111000110000100011010
0100101000101111100110
0100010101010110001110
1100111111100000010010
0000110010101010101110
0010100101001110110110
0001101100010001110110
0100010010110010111010
0111010010011101010010
1111100011000101000010
1000000011010101111110
1001011101010111000010
1000111001001101100110
0010011101110000101010
1011111001000010101010
1010100011110001000110
1110100001100001110110
1010111000110101001010
1101101001110000011010
0010010010101011010110
0111001001101101001010
0111110001010101010010
0010000001110100111110
0100101100110101011010
1001010000001011101110
1000000101101100111010
1001110000011100101010
1001010100111100100010
0000011111011001010010
1100100111101000101010
1001100100110010011110
0011001110110010011010
0001011100101111000010
1110101001010000011010
1101100010001010011110
1010101010100011010110
0101001101011110001010
1100001111100101000010
0010110011100000101110
1010000011011110000110
0101111100110000001110
1000010100111110001110
1110010100010011010010
0101101001001001100110
1101111000010110100010
1010110011101010000110
1000101100110010101010
1100000110011001001110
1111011100101000000010
0100111011000100101110
1110110001010000010110
0000110000110110110110
0001111010101110001010
0011100111010100110010
1010111101000100101010
1110110101000000110010
0100011000011111011010
0101010001101110100110
0001111011001101000110
1111010110001101000010
1101111000110000000110
1011101010001000001110
0100100100101110101110
1100100110001001100110
0011000100110101111010
0011001001111010110010
0110111100000001110110
1100010001101101101010
0010011101010111010010
0110001100110110010110
1000110010010100111010
0011001110001001101110
0100111001011000011010
1100001010101110010010
0000011001010111111010
0111100100011100001010
0110110000101100011110
0010110111100110100010
0111001000111101100010
1000010111000110010110
1000101110001001101010
0001111101001100000110
0000010111011010001110
0110001000011010111010
1100100010010110110110
0101111101000010100010
1011010111100001001010
1011001001001011010110
0110010111100011000110
0111100010101001000110
0010101100110110001110
0110100001101011001010
0001010000111110110110
0111001000110011000110
0110011000001011001110
0001011001110111001010
0010010110111011001010
0111101001100110010010
1011101000001000110110
0011101011000001101010
0101001011100110010110
0111101011100010001010
1010100010010011100110
0011100011011010101010
1101000010101010010110
1000100010111100001110
1100001110011000011010
1101001101010110000110
1001111010011101000010
1000011010101001100110
0101110001000110010110
1101011101000000010110
0111010011011000110010
1101011000010110101010
1111010110000011000110
0001010101111101000010
1110000110010010101010
0010010001011000111110
0110000101000010111110
0101110010100110011010
0010011001100101001110
0110001110000010101110
0000101100101010111010
0000010100111100011110
0101100011110000010110
1010100110111100100010
0100100001111110110010
1010100010011101110010
0110010001111010000110
0001101000011001011110
1100100000101111000110
1011111000000111100010
0011010101001100100110
0001101101011001011010
1100000111101101000110
0110100101011000111010
1100000000101011111010
0010100001111010110110
0000110011000011101110
0101000101101001110110
0111010000100011110010
0000110001111001101110
0001111000001101001110
1011000010011101010110
1001000010101011111010
1111010010100000101010
1100101111100000010110
0101100111001010100110
1011110010100100101010
0101011110100100000110
1110011001110000001110
0000001001100111111010
0100100011001101110110
1011001110000010111010
1000100101000111101010
0101111001010000010110
1011110001100001110010
1101100011100011000010
1111010100100011100110
1010100101110100000110
0001011010011010011110
0010011100100100100110
1001000010011110111110
0100010011001010010110
1011000000111101110010
1001110111010101010010
0010000110110010100110
0001100111000010010110
0010101110011111000110
1010110001000001011110
0001100101001100001110
0000000111110010011010
1100011100100000001110
1101000110010111101010
0110110001101011110010
0101110101111001010010
1001110000001001011010
0001011101100010001010
1000101010010111010110
1101111100010100001110
1110111010000001110110
1101001100101111010010
0100110010111011100010
1001110011111100001010
1101111011010010001010
0010001000011101101010
0001001011101010111110
0001000111101110011110
0100101010000011010110
0111100100110001110110
0110000101111101110010
1011111101001010010010
1010101111001100010110
0010101001100011001110
0001011011000110011010
0110011110011000111010
1011100100010000001110
1011000000100010110110
0001111001101101101010
1000001001001010101110
0101001110110111000010
1111100010110100100110
0100010110000100101110
1100000110110101101110
0000111100001110011110
0111000000000001111110
1100001001000111010010
0100011010100001100110
0101110111000101001110
0010101000001101011110
1011000000011011110010
0011100001010001001110
1111111000011000010110
1100001110110110100110
0000101111100111100110
0100100100101111111010
1100111011000101001110
0111001000101010001010
1000010001011101001010
0010001101000110110010
0010000011001001011110
0110010111010101100110
1010100101101011101010
1001110100010110110110
1101001000110110111010
0000011011111100110110
1100011001001111110010
1100011100100011111010
0111110110001001100110
0110010001011011110110
0100010111011000111110
1100101101001110101010
0011000111110111010010
1101101000111001010110
1101010110011010110010
0011101001011100111010
1110111110110001000010
1001011000001101010010
0110101010101110100110
0101100010010010100110
0111001011111001101010
0011001010010100010110
1010001111100101111010
0010001100101010010010
0000011100100100110010
1111001110100101011010
0001100010101010000110
1101101111100101001010
0111101010011001111010
0011111000001000001010
1110110110010011100010
0011110101001101110110
0101110111010110101010
0000110011010011010010
0110101100111110001110
1101110100100101111010
1111010010100111011010
0110000100100011001010
1101010011110111000110
0100101011111100111010
0011011110100100111010
1111100010110100011110
1010001010001100000110
1101111110100100010110
1110010111011101001010
0000010000001011110110
1011000001100000011010
0100001101010000001110
1001010100011111110110
1111000011111011100010
1010001100100000010110
1000100111110110110010
0001001000100110011010
1011100111001011010010
0011110001111011011010
1100110111101100110010
0101000010000001101110
1010111001111010101010
0001000011011100010010
1011011010110100110110
1111101100101000101110
1000001001001110001010
1111101110101011000010
1011111110100010110010
0110111100000000001010
0111101100110111000110
1001000100101010001010
1100010011111010101110
0000001101101010000110
1001101111101000111010
0110100010001100100010
1000110111100011110110
1111100111011001000110
1010011111010011100110
0011000001100101001010
1101011110101100110010
1001110111110010010110
1100011001011111100110
0111111100001111100010
1101100001011011101110
0000110010110000011010
0100111111101110001010
1100111010111111000010
1000110001000110010010
1010111110110101010010
0010010010000111100010
0100101110010000100010
0110101101001011111110
1110011010111110010110
1001011111110110100110
1011011100010001111110
1011001111100011110010
1110010111111101100010
1100110101011110111010
1111111110000111001010
0101101110011011110110
1101101011001111100110
1000110111101101101110
1111101011100101100110
1011010100111011110010
0111001000011111110110
0001011101111111010110
0101001100000001011010
0111110100111110011010
1000111011110111011010
1110000011000000001010
1001011011011110110110
1100000100010011000010
1011011100011011101110
1110111010010011011110
0000100000101001010110
0101111010011001111110
1111011001001101111010
0000010010011010001010
1111010111010001111010
0011010110110011111110
1000111110010111110010
1111001111110100001010
0000000100100011010110
1010110101001111110010
0101111000000111111110
0011111111101100100110
0001001100010010100010
1000001101000001000110
0001011110111101111010
1000111001011101111110
1000100010000010100110
0110011111001111110010
1000101111111110100110
1000010010001001010010
1011111111011000110010
1111111100010110110010
1110111110110110000110
0110011100111010111110
0010111101111011011110
1101011111011110011010
1011010000000100000110
1111110100110010110110
0010010000001010100010
0100111011111110111010
1011111011111001011010
1101111100101010011110
1101001111111000011110
1111110011101110010010
0011111110011011101010
1000011111011110111110
0011110101111111001110
0100010110100010000010
1011100111111101101010
0111010111111101010110
1010000000100101100010
0001000001110001000110
0000000110101000001010
0000111110111101111110
1111010001111111011010
1100111111111001110010
1111110001011101101110
1000100100000100000110
1000011000100100000010
1110010111101011110110
0011101011111110110110
1110111111001001111110
1111100101110111101110
0000100001000001110010
1000000000001011000010
1111011110011110110110
1101010111001101111110
1011011111100111110110
0011111111010111101110
1110100111110111011110
0111011011111101111010
1111110111110111010010
1111100110111101111110
1110111000011111111110
1110111111101110101110
0001000000000010010010
0111010111111110111110
1010011000100101110110
1000110000110001111110
0000100001011111011010
1101110000000001101110
0100000110111000110110
1001001100001101100110
0001100100110100101110
0110010001010111011010
1110011000010101000110
0000111111000100011010
1000111110000011100110
1111000000110100011010
1001100101111000010010
1000101100011011001010
0110111111000000011010
0101100111000100110010
1011001010000110101010
0010101111010001011010
0011000010100110101110
0111010001011001011010
0011110000000111010110
1101011000101000011010
0100001011100110001110
0011100001100101111010
1011100110000011001110
0100111001101010100010
0010101011110100010110
1101010010001100111010
1010010101001100101110
1001101000100111010110
0011011111000010010110
1011100101101101000010
1110110000011001010110
0111011010001011001010
1100101011000011011010
0001100111010100001110
1110110111001010000010
0110000010101101110010
0011110110111010000010
0110001111011000000110
0010011111010110001010
0100001101100011110010
0100101110100100100110
1000001111000100101110
1111011010010100001010
0100100111011000001110
1011001011010001000110
0001010011110011110010
0110111000100101010010
0001100010111100010110
1011000001110001001110
1101110110010010000110
1100001001101100011110
1010100100101110110010
0001100110000110111110
1011001101000110011010
0010101101100011010110
0111111000010000101110
0010100011011011000110
1001111001000111000110
1000010001110010110110
0110001111001001010110
1000000111010011110110
0101101010001100110010
0101001011110100100010
1100001010001110111010
0001011101011000110010
1011001001110011001010
1100011100100111000110
1101000001111000101010
0001101011011001010010
1000001001010011011110
1010010010010001101110
0000110101110110010010
0101110101011000000110
1100000011001111100110
0101100110001011011010
1111000011000001111010
1100101000011010110010
0000000011110001111010
0101001000001110101110
0010101011110110000010
0111110100011001100010
1010010011000111100010
1110000010010101101010
0111000000001111110110
1001101101100010100110
1111010101000010011010
1110100101000011000110
0001001110110001001110
0110011100010011101010
1000010110101000011110
0001000111110110001010
1100111010010010010010
1100111000010110000110
1011101100011001100010
1001101110011010001010
0010010011010110000110
0111001101001001000110
1010110011001110010010
0100001100010111100110
1010101010000100111010
1111010010100101000110
1101001110000100110110
1001011011000101000110
1001000110001010001110
1110001001110100100110
0010101001010010101110
1100110000001101101110
1101010100000100011110
1101100101000000110110
1100100110100001001110
0001010100001111111010
1011100100010011110010
1111010001001011000110
1010100011001100101110
1100110010100000101010
0000010110011101110010
1110010001110110101010
0111000101100011110110
0000000010001111111010
1010010011101100011010
1101100100001001101010
0101100111100101101010
1101010111010100010110
1010011010001111011010
1010111101010000101110
0111110100011100100110
0101001011011011101110
0001101000000101110010
1100010010011100000010
0000010001110100110010
1100000010100100101010
0010110000110101000110
0111010000001010010110
1100000101111000000110
0101000100100001110010
1110101001101110001110
1111001001100011101110
1111111110000100100010
0111110101011010001010
1101011100011100011110
1111011111100110000010
0111101101011010011010
1100000010011001010010
1010100110101111010010
1000111001111011001110
0100000110001000110110
1110111100011011001010
0110000000111001010010
1110101110000111110010
1010101011011111100010
1011011011011101011010
0000000010010101011010
0111101010101011001110
0001110011101101111110
0010111110101110101010
0000000100110100011010
0010011101000000001110
1111110011010110001110
0010111000010000100010
0000100100100101001110
1100100001000101100010
1111110001110100110110
0011100110001000000010
1111010111001011001110
1110000011110110111110
1101011001011111110010
1010001111111101111010
1100111001110010111110
0100010010001100000110
1110000010001000000010
1011111101111000111010
1111110111001110011110
0001100000001100010010
0010100000000000111010
1011111011110010111110
0111110111111101100110
1111111101100011111010
1110101111111111110110
0110111111111111111010
1011101000100001100111
1000101010111110010001
1011010000101000111101
1001001111100001010011
0111111000100001110001
1110100101010000010111
1010101111011000001001
0111010001010000101111
1011010110000011010101
0010101100000011110111
0100110001100100111101
1011001001100000011111
1110100010010001101011
0101100111100000100111
1010011011010101100001
1101010101001001011001
0110011110100001101001
0010111011011000001011
0000000110011111101101
1001011011000001101011
0010010110000101101111
0011100110011010100101
0011011111000101000011
0100111100010100001111
1111010000010000111011
1100010011100010111001
1101011000110100001011
1000011100100110001111
0110000101011100110011
0000101101010010011111
0100011001010110010111
0011001100110000101111
0010110001100101101101
1110001010010110001011
0010000110111001001111
0110011010111000110001
1011100100110000100111
0001000001101111010111
0011101100010100110101
0000110010011110011101
1110000101110110000011
0100011011001010011011
1100111100011010000011
1001011110110000100011
1101010001100101001011
1001001110011000011101
1010010111001000110011
1100101000101010110011
1100001010001100110111
1100111100010000111001
1100110001001110101001
0100111011110000100011
1011011001011010100001
1011110100011000101001
1111110010000111000001
0001000111010101001111
0010101000111001011101
1000010011100111000111
1110001100110010011001
0001110110101000111001
0000010101101101111001
1000010111010011101001
0010100010010111010111
1000010101101010100111
0011111100100101000101
1100101100100110101001
0100011110100101100101
0100101111000111000101
1100100100011011110001
0001011110010110011001
0000100000111111101011
0110000111110010010101
1010010101001011010011
0000111010111100010011
1100100111101011000001
1110000011111000001011
0000100111011001110101
1001110001101101000011
1101011010011010000101
0100001110001110001111
0010111010011100101001
0001001101011101000111
0001101001110010100111
0010111010010011010101
1010101101000100011101
1010100001011110101001
1111100010000100101101
1010101100011100010101
1100010011000101011101
0100110010101111010001
0011010101110001010011
0100111011100101001001
0100110011011100000111
1011010001100010011101
1000110011000110101011
1011000101000111100011
1100000100111101011001
1111001110000010110001
1100100110000011001111
1000111001011001010011
0011011100011010101001
0100111101100010000111
1000000001111011110101
1011000011010001011011
0100011001110001101101
0001111100000111010011
0010100110101100101101
1010000110011011001101
0000011110111101010001
1011001100110101000011
1111101011011000000001
1100100010101011110001
1100100010101010001111
0010001110001010111011
1000011110101000110101
1100000101110100100111
1110110101101000100001
0101100011010001110011
0001001101001110001111
1100001001001110110101
1010101010010001110101
1011100001000110111001
1010100110010101001101
0001011000001110011111
0001101000001111101101
0101011000111101100001
0110101010110110100001
1011010011101001000011
1110110101010010000101
0110001110001010100111
1111011100101000000011
1110000101000001011111
1011011001001001000111
0101110010000011100111
1001100110001100011101
1101101001100011001001
1110011001010100100101
1010110010000110100111
1101000111010011010001
1000010010111110100011
1100010001100110010111
1110000100110010110011
1100100001000011111011
1011101011000010010101
1001101100100001011011
1110001001001001101101
0001001011100100110111
0111110001111000010001
0000001110101101001111
0010011001001100111011
1011010110001100010011
0101000100001011101111
1011001100011011001001
1000001100111100010111
0010011100001110110101
1111001001001000011011
1010110110010101000011
1000000011100011110111
0111101100100000010111
0001100000110111110011
0011010010101101101001
0000000111110110110011
0000110011001001111011
1001100000110010110111
0010010100111001110101
0010011010100010011111
0110100010010001111101
0101110100110101100001
0011000001110001101111
0100111010010100010111
1011110000010100001111
1010100010000011011111
0000111101111010010001
1111100000110111000001
0100111001101001010101
0100000101110101001111
1100100101011000011011
0110101000001100111011
0110110010001100001111
0001110010011011001011
0011010001111111000001
0101111101001001100001
1101001100100000101111
1101000011011000101101
0010001000110011111011
0110111101000011001001
1000110011011100011001
0110000011010010101111
0011100110011010100011
0111001101101000110001
0110000010010110111101
0010010100111110001101
0000100101111010101101
0011011011001000101101
0111010000101010010111
1110000010110011100101
1111110000100100011001
0111110001100010001101
0110001111101100010001
0111100110110100000101
1111101000001100011001
0011110011011100010001
1010010110101000111001
0100110101010010011011
1000010111011101000101
1101001000011010101101
1000100001111011001101
1000110100001111001011
1110000110101111000001
1110000010100101110101
1010111000001001011101
0010000111011111000011
1100100000100111110101
1111010101000010010101
0000101110001111001101
1110001100100110001101
0100100101110001111001
0111010100110010010011
0100011101111100001001
1001001010111010100101
0001010011000101011111
1001011010000001101111
0100000101011111000111
1100111010010100100011
1101100110000100011011
1101101100011000001011
0100011011000101110011
1001010000111000011111
1100111000010111100001
1011011010100001010101
0111101001000001011101
0000101001111101101001
0011001001101011011001
1001001011111110000001
0110000011000111101011
1100000001110110011101
0010101110101100001011
1000011101101001101001
1000110100111001100011
0101101000001101111001
1011101100010100000111
0101010111000011000111
1000011010100111101001
0001011010100111001011
0100111100110010100101
1101000111101000001011
0100101100101001110101
0110011100100011000111
0101110010010100101101
0101010110001100011101
0100011100000101111011
0111000001111010010101
1101001110010010000111
0000101000101011111101
0111110000010010111001
0001111100001001100111
1001001111010010001011
1001000011101110100011
0001001001001011110111
0101101100000100111101
1011100110100011100001
1001000111111100000011
1000101011010000111101
1001110100010011100101
0011100101100100100111
0000111101100110100101
1011011000011101000101
1000001101111100100101
1011010001000011110011
0011101011010011001001
1001000011011001110011
0011111000100101001101
1100011100000101100111
0011100100001001101111
0011110010101010101001
0111001100001011101001
0101111010000110010101
1010011101110000110001
0111001001100011100101
0100110001111000110101
1001010101000011011011
0110000111101000011101
1111001110001100100001
0011001110011000101101
1000100100101011010111
1010010010011101001011
0001000011011101100111
0110000100111110100011
0111101110001001000011
1001110011111100000001
1100110010011001000111
0101110011000101001101
0001100100101100011111
1010100000101100110111
0111010011100011010001
1101011010010001011001
1111000000101100011011
1001110010100010011101
1000110000111101110001
0010110111000001101011
0101010001011001011101
1010011101000100010111
0010110101011111000001
0110000111001101100101
0001110100011101101001
0010101000110101001111
1000011110010110001101
1001001010011010111001
0000011101101100100111
0011010111100010001011
0111000011101110000101
0010000011111100110101
0001001110100110111001
0110101110110000010011
1101100100010110010011
1100110111001010010001
0111001000011011010011
0111000010100110110101
0001101110010100101011
1000100001010011101111
0011011001101100010011
0010010110110101100011
0000111001110110001011
0101110001010011100101
0111100100101010000111
1001010110100100111001
0010110010110011100011
1101000011011010010011
1011011010110100001001
0000011010110011110011
0110011101000010110011
0001101101110000111001
0100010101010101111001
0001101111001101010001
0101100100011001101101
1101000010101111000011
1101001010100101000111
1001010011001100011101
0010110111000011001101
1010010101100010110101
1101100011000111000011
0010011010101100110101
0100110100001110010111
0111011011000001110001
0110100110101010011001
0110001111000101001101
0101000011011000011111
0001100100111101110001
1111011100000100101001
0111000000101010111101
1111110000001100001101
1010100111100001000111
1110010000001011101101
0011011100000001111101
1110000010011110110001
1111001001011000100011
0011011100010111000101
0101000100110111001011
1010100111000010100111
1001011010101010110001
1110001101001000001111
0110000110011011011001
0101110011000011011001
1010101000010110100111
0001101100100101111001
0110000000010111101111
0111100100110001001011
1110001001110010010011
1001001011010101101001
0000111011001011100011
1110101001010110010001
0000000100111111011011
1000101011101001011001
1111010001000000110111
0001110110010010100111
0010010100101111011001
1100011101010010001011
1001100010110011010101
0011000101100011010111
1010001011011000100111
0000110011101101110001
0001001011000011111101
1011101100110000010101
0001010101101100101101
1000010001011011011011
0111110110001010000011
1010010101011110001001
0110100101000101110101
1110111000001010000111
1001010000110101011101
0010010110010100111101
0001010111000111110001
1111101100011100000001
1010100011100101001011
1111100010000010010111
1001100000011110100111
1000000011001010111111
0010101111101000000111
0010101111100011100001
0111010010001101010101
1110010110000001001111
0010100011001111011001
1000011011000110111001
0000110110010001111101
0101000011011110011001
0011100110101000010111
1000100011110001011101
0010101111100100100011
1001001101001111001001
1000101000001001111111
1000101100100100111101
1001011100100000111011
1100100000110101011011
1011100000111010001011
0100010110110011010011
0110011010101010101001
1111000101101001000101
0111100001001100110011
1011001110101010000101
1100000001001011011111
0011001011010110100101
0111100100111000101001
1010011101011000010101
0110001100100101011011
0100101000011110001111
0110101111010100100001
0100011010111010000111
0110010111010110010001
1001110110111001000001
1000001011101110010011
1000100010111110100101
1010100001100011101011
1011010001100101101001
0000111100001001111011
1100000110011000110111
0001001110111001010101
1110010100000111110001
0001100110101010100111
1011010100011100110001
1000101111011010100001
0001100010010111111001
0110010011110011000101
1100000101000011111101
1101010010001101110001
1001000110100101101101
1101100010100011101001
1101100010100110000111
0000010011101001101111
0000100110111001011011
1110001100000100111011
0000100101101101110101
1010011110001100000111
0101101000001110100111
0110011100000111001011
0100010110110001100111
0111110000100100100111
1000100110000011111011
1101100001110000010111
0110101001001011001011
0011101001010001010111
1100101011101010000101
1110010001101011001001
0100001100101011011101
1101011000100110011001
0100000111011011001011
0101110000100011011011
0111000010111100100011
1001000111001100101011
0110100000011110110011
1101011100010010010101
0100001111110001101001
0101000111101010100011
0001111000110101100011
1001010100110100110011
1101010011110000101001
1011101001001011000011
1001001000000110111111
1001101001010111000011
1110101000010101100011
0000101110001111011001
0110011100111000001101
1110000010100010111101
1010001001010011101101
0111000110001101010011
0010100111001011110001
0001000100011111110011
0111100011001000111001
0110111110100000001011
0101010001111001100011
1011010001001100001111
0010101001100110010111
0111001110010000110101
0111011001000100011101
1001100011011011000101
1010010010111000011011
0011111001000100101101
0001010100111101100101
1100001110100101100011
1010101100101000011011
0011000110100101011101
1100010001110101010011
0110000011001111010011
0011010110110001000111
1111000100000101110101
0000010110101010110111
1110100011010000110101
1000001010101011100111
0010010011011010101101
0000001110011110110011
1000011000011001111101
1101001001011101000101
0110011101001001010101
0011101000110001110101
0010111001000101100111
1110001001110100001101
0011011010111010000011
1001011010110001110001
0100100001100111101101
0001111001111010000011
0100101011010001001111
0101010011011110000101
0000111101110100011001
0111000000010100111111
1100100111010100110001
1110011000100001001111
1011000101111000011001
1000110110100000110111
1110110000110110000011
0011010101100111010001
0101001001111001010011
1110011001010001001011
0111101001100011000011
0110010110100111001001
1011001100100001101011
1001000110110011001101
0101100011001110001011
0101010110101001001101
1100001001001101011101
0011000100001101011111
1101101011000110000101
0010101010101001010111
0100000110100110101111
1100100110010100110011
1001010100011000101111
1111001010110100010001
1100011001101101100001
1001101001100011010011
1111000001101100010101
0101101000010001111011
0100111100110100010011
1100100001111101001001
1001100000101110101101
0011111000000111110001
0001100101010101010111
0100010101010110011101
1111001000001111010001
1001111000011010001101
1001100101010110010101
1100001010011110101001
1001001101010101110001
0000110001110100101111
0100101011011001100101
0001110001011100101011
1101101000110010110001
0110000000110111111001
0001101110001110001011
1101110010000100110011
0101011101011000101001
0000010100000111110111
0011110010111001100101
1101100101101100010011
0010000010111010100111
1000110101011101000111
0101001011100000011011
1101100001101001110011
1100000010011111000101
0101101010000001010111
0011011111001100011001
0110110010101001110011
0101110001000101110111
0011000011111101100101
1011111000001111100001
1110110010100101110001
0010111010010010101001
1010001011111011010001
1010101110010100011011
0100011001111001111001
1100110001110000100101
0110000111000110101001
0100011111110101000101
0111110010101100001011
1110010010010111010011
1100000000110010110111
0011010111010000001011
1000111011011011100001
1011101010011101010001
0001011101101111100001
1111010101100100100101
0111000100011001000111
0000001011010111000111
1101110100010110101001
1100111100001010101011
1010111010010000110111
1010101101101011000011
1000100111010110001101
1101110110110000101001
0001111000100000111011
1010101010110101001101
0010101101011011011001
1001010101010000110111
1000110110100110010001
0010101111100101011001
1101101110000001111001
0010101011110110001001
1011100010011011101001
0110010001111100011101
0101001001100001100111
0000001001110010111011
0010110000111000001111
0001111010001110110011
1011111011100100010001
0111100011001111001001
1011010101100100100111
1001110110010111100001
0011111001110011000101
1111001111010101000001
0111000011000011000111
1000111001010101101101
1000101000010101111001
1010110001111010110001
0011010011101001000101
1100110000101000110011
1110101100010011100101
1000001101110011011101
0011010011000010110011
0100010111000101011001
0100001010011111101011
1001001011101000111101
0010100101110000011011
1011100100111010110001
0100110100000010011111
0111110000110110010011
0110100000011010101101
0101111111010010000101
1101111100100100010101
0110010110010111101001
1010110100110101011001
1110011100100011010011
0010011001111110101001
1011110001100110010011
0110011111100000110101
0100001110000010111011
1000101110100000101111
0100011001100110110001
0000101111111010010101
1101011110001110000011
0000010110100101010111
1010001011000100001111
0000101101001101001101
1110100101000001011001
0101111011000001111001
1000001110001101101101
1111110011000000101011
0101001010011100010101
0001001001100011001111
1001101111101000001101
1110000001111000001111
1101001000001001110101
1010110000000011111001
0010010011011110111001
1110110001100100001001
0001110100001101010101
0100011111001000001101
1101000101001110101101
0111101010010100100111
0001101000011011011001
0010100000111111000101
0101011001100010111101
1110111100000001000101
0110011010011110010101
1100010100111010001001
1000001110110111001011
1101011110000110100101
0010011011000011011001
1100011000011111011001
0101101000100101001101
1100000101101100100011
0010111101001010001011
0000111000110111011101
1111100001111000000001
0011100010010010011101
0101101110010001000011
1011000100001110101111
0001001001010101011011
1110101001010001101101
1000101100000111010011
0111011100010110000011
0010111001100110101011
0000100000100111011111
1000101011101010011011
1101011010010100110101
0101011001001101011011
1101010000111011010101
1010101001110100110001
0101010100001101100011
1100000110010011110101
1001110001101001101101
0010110100100111111001
0111001010101011000101
0000001010010101111111
1000010111001110010111
1010001101111001001011
0100100111111100100101
1110011100000110101011
1100101010100001001101
0101111100001011010101
1001010101110000001101
0011011100101011100011
1010001001001010111111
1001110100111010010101
0100111101101000011101
1101001010011101001011
0010010101010111110101
1011101101001100100011
0100001111010110111001
1011100101001000100101
1110110101001000100111
1110100110000010010011
1010001011000101111101
0001011011011100001111
1100001001101111100011
1101101101000000101111
0001101001101100001011
0110110011001100100001
0001100011111001101011
1101010100010010000111
1000011100010001001111
1110100010111001000111
0100100110001010101011
0000100010101011001111
0011010001011001001011
1000010110011000011011
0111011011110100001001
0010010100110011010101
0100001001101111101011
0010010101111000111011
0010110011101000011001
0011001010101101011011
0101111010111000011001
0011011000001000110111
0100100110001101001011
0001101000011011000111
0010111110111110000101
0111010011101011100011
1000111111100100011011
0001000110101011010011
1110011000010010001101
1001010111101001110011
0101010101000000100111
0011001011011111100011
1010110110000001001011
0111000111100111001101
1000111110111001100101
1010110001111101010101
1000111111001000110111
0011110100101011001111
1101010100000000110111
1010011101010011100111
1000011000010000011111
0110110111100010101101
0000000010101111001101
1010010011110011110101
1001111111000001110011
0110011011111100100011
0101011101001111011001
0101111001011001001011
1101010011110000110111
1101110111000110100101
0011110101011110000111
0011110011100100011111
1111110011001001100101
0100110111111000000001
1011111111000001101001
1011110000010000010011
1010010000101110000011
0100001111110111011001
0101010111011101110001
0010100100010100001111
0001010100100001101011
1100011011000110111011
1011101000010010000101
1011011001101110011001
0100101101111111010001
1111111010010110001001
0011000100010110100011
1000011010000010011011
1011000110111101110001
0001001101101010000101
1011101011010110100011
0110010011100101110101
0001110011000100010101
1100001000110000011101
0000001010101101010101
1100011110011101010101
0000100100101001100111
1110011100001011110011
0000010010010110110101
0000111101001111100111
0101110101010011110011
0111101001001010011101
0001000010011000111101
1100111100101011101001
1101011000110000011001
0100101101101110110011
0100101001000100001111
1011000100011010010001
0011000100110010001101
1000011110111011000111
0000000011101110000111
1101110101011101000001
0100111101110001011101
1101111000001001101011
1111001010110010100111
0100110011110111001011
0101010001001100001011
0110010000111100100101
1110001110101100110011
0111111010101001001101
0010110100010000110111
1110110111000101010011
1111011001100111100001
0010000101011100001011
0001110010000101000111
1101101101100011100101
1011001111001100110101
0000111000100011100111
0110010110011001101111
0111101110100111000011
1110111001100010111001
1010101001001000001101
1001011111011011000101
1111010110100011011001
0000010001110010100111
1010111111100111000001
1100100010111011111001
0111101101101110100001
0110000111101011111001
1101010110000111101011
0010001111000101000011
1011110110100010101101
0010000100011010011101
0111001111001101001011
0111011101001110001101
1101111101000001011101
0110110010010010000011
0100100001110000110011
1100111101000010111101
0111101000010010001001
1011011110001101010011
0100010101100010010011
1010111110001001101101
0110011101011010111001
0110101110111010100011
0110001010011111101101
0001000111110000010011
0110010001001011000011
0101001011111010011011
0000101000001110110011
0110111110010011010011
0000101101000001100111
1111100110111000010011
0000000010110100001111
0110011001011011110111
1111001111000111010101
0101001111110111100101
0001010110011000100101
0001001000001101110001
0011001000111111010111
1110001000111101111011
1101100101110111010011
0100110000000001111001
1010111110110001001011
1100111101110100101011
1000011101100111110011
0001111111111010011001
1101101101011101101001
1011100001101110110101
1110110100011010101011
0101000100110001000101
0100010110100110000101
1100010111101110001101
0100001100101000010011
1101011111011100000111
1001011111101100010111
0111001111010011101101
1100111011111011010001
0101111001111110100101
1101101111110000001101
0100000100100100101101
0000000010000111110011
0010001111111100111011
0001010011111111101011
0011110101101101111001
1010111001111100100011
0010001110101110111101
1110001011110010101111
0010111010010110111111
1111010000101111100101
1001100010000010010011
0111111010010011011011
0001011110110111010111
1110011001100111001101
0000101110111111110101
1110100111010110111001
0110100111111110010011
1111111000101001100111
0010010001100010001011
1011000101110101101111
1100100100110111011111
1111010100111011010101
1001111011001110100111
1101111101110001100011
0001010001001001010011
1001010010111111101101
0011100000001010100011
1001101110011011010111
0100100111101101001111
1101100111101011101001
0110000100000100101011
1101110001100111101011
1000000110001111111111
0100101010100001010001
0001000110000000111011
0111011100011100101111
0100011100010000010101
0110101011001101110111
1000110000000001101011
0011101101000111110111
0011011111110100110101
1101000111011111000111
1001001101100111111011
0111100010111111011001
0111111011010010010111
0001001100110010001001
0100110101000100000011
1111110110101110001001
1101100101100111010111
1001111001101110011101
0001011011010111111101
0100000100111001010001
0001000010110010110001
1100000101101000000101
0010110010001100001001
0100001101110100000001
1100001011110101111101
0001111111111101000011
1110110011010110110011
0110111110010101110101
1000001011000100010011
1001001001000001010101
0111101100011101111001
1000110010000010100101
1100110111001101101101
1111011001111010001011
1011010010010111101111
1001000110000100110001
0011001101111111111001
1101101101010110110111
1001101111011110110001
1011111011001010011111
1110010111010111110101
0001100111110110111111
1001111101100101101011
0101111011101101101011
0001100010001100100001
0111000101011111101111
0111100101101001111011
1011101011011010011011
1000100010001010011001
0111010111111011011001
0000101000011000001011
0100110111010111111101
0010111110100111110011
0010011011111011111001
1011010011001110111011
0110111110111011100101
0000010011100110000101
0100100001100100010101
1110011111110001001111
0010000001000001100111
1011111111100100101101
1101101110011101100111
0111011011110001111011
1011011001110001111101
1000001000000111100001
0010100000011010100001
1011011101111110110001
0111001111110011101011
1110001110101111100011
1110111111010100011001
1101110101011110101011
1011000100000000001101
0001101000101000100001
1010100100100001010001
0111110010110001111111
0010101101111101110111
1110111101101001000111
1000010000000110001101
1000000000101000110101
1110111111000111100011
1111010011001100111111
1110111011100011100111
1011110111101010110101
0011101011101111101011
1011110110110101011101
1100111000101111011111
0111110111001110011101
1001111101111100011011
1111000111110011011101
1010111100101101111101
1100110111011011110011
1011100110101011111011
0000000000010101010111
1000100000110010010001
1111110010111100101011
0001110000110000000001
1001110111110010101111
1101110101111111110001
1111111011010100111011
1001111110100111100111
0111111011100111010111
0101101110111101010111
0101110011111110101111
1111101001111110110101
0101011101101110111111
0110001000000000110001
0110100110000000000101
0100010111011111011111
0000001110000000001011
1110111101110011111001
1111101110110001110111
1110101111111111000101
1011101111110011011101
1000000010100000100111
1000000011010010001001
1111100011011110110111
1111111010111010001101
1011011110011101111001
0100000100011000010001
0000001001001100001001
1110011101011111101011
0110010000100000000011
1111101011110001110111
1101110010111011011111
1110010111101111101011
0000001000100000010111
1110101010011111101111
0111011110101111110111
1101111111001011111011
1111111110101101101101
0011000000000100001011
1110110111111111001001
1100111100111010111111
0111111110011001111101
0100010010000001000011
0000010000000101001001
1011111011111001110111
1001111011111111010111
1100100000000000000001
1111111001101111011011
1011011001101111111111
1011111110011011111011
1111110111110011011111
1011111110011111111101
0111111111011100111111
1111110101111111101111
