# A309370 a(20) >= 1989: Sidon set in {0,1}^20, found by Vela multi-strategy construction search (Jun 2026; previous best 1941).
# 1989 vectors, one per line. Verified by verify.py (B_2: all 1979055 pairwise sums distinct).
00000000000000000000
00000000000000000001
00000000000000000011
00000000000000000101
00000000000000000110
00000000000000001011
00000000000000001100
00000000000000010110
00000000000000011000
00000000000000011111
00000000000000100111
00000000000000101000
00000000000000110000
00000000000000111101
00000000000001010001
00000000000001100000
00000000000001101111
00000000000001110010
00000000000001111101
00000000000010100001
00000000000010101010
00000000000010111100
00000000000011000000
00000000000011001110
00000000000011010111
00000000000011011011
00000000000011101101
00000000000011110110
00000000000100110111
00000000000101000111
00000000000101001100
00000000000101010001
00000000000101101011
00000000000110000000
00000000000110010001
00000000000110110100
00000000000110111011
00000000000111010110
00000000000111100010
00000000000111111001
00000000001001011000
00000000001001100100
00000000001010000111
00000000001010011011
00000000001010111101
00000000001011000011
00000000001011110001
00000000001011111110
00000000001100000000
00000000001100101111
00000000001100110011
00000000001101010011
00000000001101011101
00000000001101100110
00000000001110000101
00000000001110010000
00000000001110111011
00000000001111000100
00000000001111011001
00000000010010010111
00000000010011111010
00000000010100000110
00000000010101010000
00000000010101100011
00000000010110111110
00000000010111001001
00000000010111110101
00000000011000000000
00000000011000110010
00000000011000110101
00000000011001011111
00000000011001100001
00000000011010110010
00000000011011000111
00000000011011001010
00000000011011111001
00000000011100101101
00000000011101001010
00000000011101011001
00000000011110000011
00000000011110011101
00000000011110101110
00000000011111100100
00000000100011001010
00000000100100011001
00000000100110101001
00000000101000000111
00000000101000111110
00000000101001101100
00000000101001111011
00000000101010101000
00000000101011000101
00000000101011110001
00000000101101110010
00000000101110011100
00000000101110100111
00000000101111110100
00000000110000000000
00000000110000101001
00000000110000110111
00000000110001010100
00000000110001101101
00000000110001111011
00000000110010011100
00000000110011011111
00000000110011100101
00000000110100101010
00000000110101110001
00000000110110000110
00000000110110100110
00000000110111001000
00000000111001000001
00000000111001011010
00000000111010010110
00000000111010100011
00000000111011001000
00000000111100001110
00000000111100100010
00000000111101111100
00000001000100101011
00000001000110111000
00000001001000110000
00000001001011100101
00000001001100011010
00000001001100110100
00000001010000000101
00000001010000010100
00000001010001111010
00000001010011000010
00000001010011111101
00000001010101101110
00000001010110001010
00000001010111001001
00000001011010111110
00000001011011001111
00000001011100001011
00000001011101111100
00000001011110100011
00000001011111010000
00000001100000000000
00000001100000111111
00000001100001000101
00000001100001111010
00000001100010010010
00000001100011001011
00000001100011011100
00000001100011110001
00000001100101010110
00000001100110000111
00000001100110101101
00000001100111011111
00000001100111100000
00000001101000001110
00000001101001010010
00000001101010001001
00000001101011110100
00000001101100000001
00000001101101101010
00000001101101110001
00000001101110110010
00000001110001010111
00000001110011001011
00000001110100001100
00000001110100111001
00000001110110110110
00000001111000010100
00000001111000101000
00000001111001100111
00000001111010111001
00000001111011100010
00000001111100000111
00000010001111110111
00000010010000010101
00000010010000101110
00000010010010110010
00000010010100111001
00000010011110101010
00000010100000000101
00000010100000110011
00000010100001001111
00000010100001101010
00000010100010011110
00000010100100111100
00000010100101010100
00000010100110100110
00000010100110110001
00000010101010011100
00000010101101011111
00000010101101101001
00000010101101110101
00000010110011000110
00000010110101100010
00000010110111000001
00000010111000111001
00000010111010100111
00000010111011001101
00000010111110011010
00000010111111101100
00000011000000000000
00000011000000111110
00000011000001011010
00000011000001100111
00000011000010101001
00000011000011001111
00000011000011010101
00000011000101011100
00000011000110001100
00000011000110100010
00000011000111010010
00000011000111011001
00000011001000011111
00000011001001101000
00000011001011110011
00000011001100011000
00000011001101000011
00000011001110101100
00000011010000010111
00000011010011101000
00000011010100101011
00000011010101100100
00000011011000000100
00000011011001101011
00000011011010000101
00000011011011110000
00000011011100111110
00000011011101010011
00000011011110110001
00000011100001100001
00000011100010001011
00000011100101110110
00000011101000011000
00000011101011100110
00000011101100001000
00000011101101001110
00000011101110010101
00000011110001010001
00000011110010010011
00000011110010111101
00000011110011101100
00000011110101110111
00000011111000110010
00000011111100010100
00000011111111000011
00000100010101010000
00000100011100001010
00000100011111101001
00000100100010001110
00000100100101100101
00000100101010000000
00000100111010110001
00000100111011111110
00000100111110001101
00000101000000001101
00000101000000100000
00000101000010010110
00000101000011101001
00000101000101000110
00000101000110111011
00000101001001110111
00000101001010101110
00000101001100000111
00000101001111011010
00000101010100111001
00000101010101001101
00000101011000010010
00000101011001101000
00000101011111111101
00000101100011101011
00000101100100110011
00000101101000110111
00000101101100001110
00000101101111010011
00000101101111100111
00000101110001101111
00000101110001110000
00000101110011010010
00000101110110011001
00000101111011100100
00000101111100011111
00000101111101101011
00000110000000000000
00000110000000111010
00000110000001000001
00000110000001110100
00000110000010111001
00000110000011001100
00000110000011110111
00000110000100011101
00000110000101001000
00000110000101010011
00000110000110001111
00000110000111111100
00000110001011010101
00000110001100100111
00000110001101101110
00000110001110110001
00000110010010011001
00000110010100100001
00000110010111100010
00000110011000110110
00000110011010011010
00000110011011101111
00000110011101100000
00000110011110110011
00000110100001101110
00000110100010010010
00000110100110101111
00000110101010110000
00000110101011000011
00000110101100100100
00000110101111011011
00000110110000010111
00000110110001001010
00000110110010100101
00000110110101000111
00000110110110011010
00000110111000011001
00000110111011100000
00000110111101101011
00000110111111011100
00000111000010000010
00000111000110101101
00000111001001011010
00000111001011000000
00000111001101000110
00000111010001100101
00000111010010000111
00000111010011011001
00000111010110110100
00000111010111110011
00000111011001010011
00000111011001111100
00000111011011101011
00000111011100100010
00000111100000101011
00000111100001011100
00000111100001100110
00000111100100101000
00000111101001111110
00000111101011101101
00000111101100010111
00000111101101011010
00000111101110011100
00000111110110001001
00000111110110010000
00000111110111000101
00000111111000001111
00000111111010110110
00001000010011011000
00001000111111111001
00001001000101000100
00001001000110110000
00001001001111010111
00001001010100011010
00001001011001011101
00001001011100101111
00001001011110100001
00001001100011111110
00001001100100100011
00001001101100001111
00001001101111101101
00001001110000111110
00001001111001000111
00001001111110000000
00001010000000000110
00001010000001010101
00001010000001101000
00001010000011100011
00001010000100101111
00001010000101110001
00001010000110110111
00001010001100111110
00001010001110101010
00001010010010111000
00001010010100001100
00001010011000001111
00001010011001010010
00001010011010110100
00001010011011011101
00001010100010100001
00001010100100011011
00001010101000111011
00001010101111000101
00001010110000011001
00001010110010001110
00001010110101001110
00001010111101010101
00001010111101100011
00001011001011011001
00001011010000000010
00001011010010101001
00001011010110110100
00001011011101001111
00001011100000111101
00001011100010000111
00001011100101011000
00001011100101111011
00001011100110001010
00001011101010000000
00001011110111110100
00001011111001100110
00001011111100010001
00001100000000000000
00001100000000111001
00001100000001011100
00001100000001110110
00001100000010110011
00001100000011101011
00001100000101001110
00001100000101100101
00001100000110000101
00001100000110101010
00001100001010011101
00001100001010100100
00001100001100001011
00001100001100010100
00001100001101110011
00001100010001101101
00001100010110011000
00001100010111000111
00001100011000000110
00001100011000111010
00001100011011010101
00001100011011011010
00001100011101111111
00001100011111011011
00001100011111101000
00001100100110110111
00001100101000001101
00001100101011011011
00001100101011110100
00001100101101100000
00001100110000100011
00001100110001010101
00001100110101011101
00001100110110010010
00001100110111110100
00001100111010001000
00001100111011100100
00001100111111101001
00001101000001100110
00001101001110101110
00001101010001110001
00001101010010100111
00001101011000010011
00001101011001011100
00001101011110001001
00001101011111100010
00001101100000111101
00001101100001010011
00001101100011001100
00001101100100111000
00001101100101000001
00001101101010100111
00001101110001001110
00001101110010000001
00001101110010110010
00001101110111110001
00001101111110011110
00001110001110110100
00001110010010001100
00001110011101000001
00001110100001100011
00001110100100101101
00001110100100110010
00001110101011001110
00001110101110011011
00001110110001010111
00001110110010000000
00001110110101111111
00001110111000101010
00001110111011110000
00001110111110001001
00001111000010110101
00001111000011000000
00001111000110011011
00001111001000100101
00001111001001100011
00001111001010010110
00001111001011111100
00001111001101010000
00001111010100010100
00001111010111100101
00001111011100011001
00001111011110111011
00001111100100110100
00001111100110111001
00001111101010001101
00001111101101000011
00001111110001001001
00001111110111100110
00001111111100001101
00010000100101001100
00010000111111110000
00010001010101111010
00010001011011000011
00010001110010100110
00010001111000100001
00010010000010111110
00010010001011000000
00010010001100001000
00010010010010001101
00010010010111010111
00010010011011101001
00010010101110111010
00010010110001000110
00010010111100000011
00010011010010010011
00010011010100011110
00010011100110101010
00010011100111000011
00010011101001011011
00010011101101100000
00010011101110110101
00010100000000000110
00010100000000001001
00010100000010110101
00010100000011111011
00010100000101010000
00010100000101101101
00010100001000010101
00010100001111001110
00010100010000111010
00010100010100111101
00010100010111010110
00010100011001100011
00010100011110011001
00010100011110100100
00010100100001011010
00010100101000111111
00010100101011101100
00010100101110100001
00010100110001110000
00010100110100010011
00010100110110110110
00010100111101001001
00010101001101011011
00010101010000101111
00010101010110001110
00010101011010011000
00010101011111100001
00010101100000100010
00010101100010111100
00010101101010111011
00010101101101000000
00010101101110100000
00010101110000000001
00010101110101110111
00010101111001010110
00010110001100011100
00010110001110110110
00010110010001000111
00010110010011011011
00010110100010110001
00010110100011101101
00010110100111000111
00010110101111101010
00010110111000001100
00010110111011010100
00010111000101101011
00010111001010010010
00010111001011100101
00010111001100101100
00010111001101011011
00010111010101001100
00010111011010100000
00010111011011101110
00010111100111100100
00010111110000111110
00010111110010001000
00010111111100000110
00011000000000000000
00011000000000101110
00011000000001011011
00011000000010110111
00011000000011001101
00011000000011100100
00011000000101010101
00011000000110011110
00011000000111101011
00011000001001111000
00011000001010110010
00011000001100011101
00011000001101100001
00011000001111000010
00011000010011111011
00011000010100010010
00011000011000011000
00011000011001100110
00011000011010001100
00011000011101101100
00011000011111000001
00011000100011010010
00011000100101011010
00011000100110110011
00011000101001110011
00011000110000000011
00011000110000111000
00011000110010001101
00011000110011010101
00011000110100110100
00011000110101101010
00011000111010000001
00011000111110100100
00011001000001010010
00011001001001110111
00011001001010010101
00011001001111001101
00011001010001100001
00011001010010011111
00011001011000101011
00011001011100000110
00011001100000101010
00011001100010000010
00011001100011111101
00011001100110010111
00011001101001010100
00011001101100001100
00011001110111010101
00011001111000100001
00011001111011101000
00011010000111110000
00011010011100110101
00011010100000010111
00011010100111010001
00011010101001001000
00011010101110011101
00011010110110110010
00011010110111011110
00011010111001100100
00011010111011101011
00011010111100111110
00011011000000111100
00011011000100100000
00011011000110100111
00011011001001110100
00011011001011011010
00011011001100101010
00011011001111001011
00011011010001001001
00011011010101010111
00011011011000111011
00011011011111110110
00011011100010010001
00011011100101101101
00011011101011011101
00011011101111110000
00011011110001011001
00011011110101000001
00011011111100001111
00011100010001111100
00011100011101110111
00011100100001100001
00011100101010101001
00011100101100011000
00011100111101000010
00011101000001110110
00011101000101000011
00011101000110001000
00011101001010000100
00011101001110111011
00011101010111101000
00011101011001000101
00011101011101010100
00011101100001111100
00011101100100001111
00011101100111010011
00011101101110100010
00011101110011001111
00011101110110110001
00011101111011111101
00011110000000110001
00011110000001100111
00011110000111111000
00011110001010000011
00011110001100010010
00011110010101110100
00011110010111001101
00011110011000010111
00011110011101010110
00011110011110001100
00011110100101110011
00011110101000101000
00011110110010100111
00011110110101011001
00011110111010011010
00011110111011011100
00011111000011110101
00011111010011001000
00011111011110101011
00011111011111110010
00011111100001000101
00011111100100110111
00011111110000010001
00100000100110011111
00100001110101111000
00100001111011100001
00100010010110101001
00100010100011110100
00100010101100100000
00100010101101011000
00100011001000101111
00100011111011010001
00100100001011011111
00100100101001111000
00100100110100011011
00100100110111010110
00100100111101101111
00100101001011001101
00100101010111101110
00100101011110000000
00100101110010000100
00100101111110111101
00100110000001100011
00100110000111001101
00100110001010011010
00100110010001010100
00100110100101010100
00100111000001111111
00100111010111100011
00100111101000100000
00100111110000011100
00100111111111011001
00101000000000000001
00101000000000101110
00101000000110010010
00101000000110100101
00101000001011101000
00101000001100100111
00101000010001010100
00101000010011000001
00101000010111011000
00101000011001101111
00101000011111001011
00101000101100101001
00101000101111010000
00101000110010100011
00101000110101111011
00101000111000011110
00101000111101001100
00101001001111111010
00101001010001111111
00101001010010000100
00101001100001100101
00101001100011011111
00101001100100010001
00101001101000011001
00101001101101110110
00101001110100110010
00101001111011010010
00101001111110101110
00101010011010000001
00101010100011010000
00101010101001111011
00101010101101001011
00101010110010111110
00101010111100100100
00101010111110010101
00101011000000010011
00101011000001100110
00101011000110101000
00101011001010001010
00101011001101110101
00101011010101111010
00101011010110100110
00101011100111011000
00101011101000000111
00101011101011111010
00101011110111001101
00101011111000100010
00101011111001110100
00101011111110101101
00101100000001011111
00101100010001100100
00101100101000000011
00101100110101010010
00101100111110010001
00101101000001010000
00101101001111110100
00101101010000001010
00101101010000011101
00101101011001100011
00101101100010111010
00101101100101101011
00101101101110110111
00101101110110011011
00101101111110100011
00101110000010101111
00101110000011000110
00101110000101110000
00101110001001110001
00101110001010011100
00101110010000111000
00101110011101011010
00101110011110000111
00101110100000101100
00101110101001011001
00101110101011110110
00101110110110001100
00101110111011110000
00101111000100110101
00101111010101001011
00101111011000101000
00101111100110001001
00101111101011000101
00101111110101010111
00101111111000111101
00101111111010101011
00101111111100011110
00110000000000000000
00110000000001101011
00110000000001110101
00110000000010011101
00110000000010100011
00110000000011111110
00110000000100111011
00110000000111010111
00110000001100010111
00110000001101000001
00110000001111101100
00110000010010000111
00110000010100011110
00110000010101000010
00110000011000001101
00110000011001111011
00110000011010001011
00110000011110110000
00110000100101111000
00110000101010100110
00110000101011001110
00110000101101010010
00110000101110110011
00110000110000101110
00110000110010011001
00110000110011010010
00110000110100111101
00110000111010101000
00110000111101100110
00110000111111001011
00110001001110101111
00110001010001000110
00110001010110110110
00110001010111100001
00110001011010100000
00110001011100000101
00110001100001110110
00110001100011101101
00110001100111010000
00110001101001100000
00110001101010010001
00110001101110000100
00110001110000010000
00110001110011001110
00110001111110011010
00110010000000101100
00110010001011011001
00110010010100010010
00110010011011100011
00110010100000100010
00110010100101000111
00110010101001011011
00110010101010000101
00110010110110011101
00110010111011111100
00110011000001011110
00110011000010111001
00110011000011100100
00110011000101101000
00110011001100111101
00110011001110001010
00110011010111011111
00110011011000101000
00110011011011010010
00110011011101000101
00110011100100010001
00110011101111010100
00110011101111110010
00110011110100110011
00110011110110000111
00110011111001011100
00110100010000110110
00110100010111101111
00110100110110110100
00110100111101011011
00110101000011000110
00110101000100011100
00110101000101111010
00110101001000011011
00110101010101010001
00110101011011110000
00110101011110011111
00110101100011111101
00110101100110000000
00110101101011001000
00110101101100000101
00110101110111001111
00110110000000101101
00110110000110100110
00110110000111011011
00110110001001110001
00110110001100011101
00110110010011110011
00110110011000010011
00110110011010101010
00110110011100011110
00110110011111000100
00110110100001000101
00110110100010011001
00110110101100110101
00110110110001111000
00110110111101101001
00110111001110010001
00110111010000101100
00110111010101101000
00110111011010010101
00110111100001111011
00110111100110110110
00110111101100001011
00110111101100010000
00110111111001010110
00111000001100111100
00111000011111100111
00111000110111100000
00111000111110001111
00111001000100100110
00111001001000010111
00111001001001111000
00111001001101011010
00111001010011111101
00111001010110110001
00111001011000000010
00111001100011000101
00111001101101011001
00111001110101100101
00111010000000110001
00111010000011100101
00111010001101101111
00111010001111001000
00111010011111101111
00111010100111000111
00111010101011010000
00111010101110111101
00111010110001110110
00111010111000111100
00111010111010111011
00111011010001011101
00111011010110011100
00111011100011011111
00111011101010100001
00111011110011101000
00111011110101000011
00111100000001100010
00111100000100000001
00111100000111011100
00111100001001001010
00111100001011110001
00111100010101010101
00111100011010101100
00111100011011000110
00111100100100110010
00111100101010011110
00111100110000010100
00111100110011000101
00111100111110110110
00111101000111001011
00111101001000110100
00111101010011111011
00111101011100100111
00111101100000001010
00111101101011011101
00111101101101010110
00111101101110101011
00111101110011100100
00111101111000010101
00111101111101001100
00111110001010110101
00111110001101110100
00111110010011101000
00111110011100001001
00111110011111001110
00111110100001001000
00111110100111100010
00111110110100011001
00111110111111010011
00111111001110101001
00111111010010010001
00111111010111000010
00111111011000001011
00111111100010101111
00111111100100101100
00111111101001101000
01000011001100110011
01000011001111100100
01000101010011100101
01000101100100001111
01000101110111001010
01000111011010110010
01001000001100001000
01001000011011011010
01001000011100110001
01001000100001111100
01001000101010010101
01001000110110111111
01001001000101011101
01001001010000100010
01001001011100000101
01001001111001111111
01001001111011000110
01001010010000000110
01001010010110011100
01001010101110010110
01001010110111001011
01001011010011011001
01001011011010011111
01001011100010110100
01001011101101010100
01001100001100100010
01001100010010010001
01001100100011100111
01001100100111111011
01001100110100101100
01001100110110110010
01001100111101110101
01001101000011111011
01001101101011010000
01001101110110011000
01001110000111001010
01001110001101011000
01001110010000111100
01001110100010000001
01001110101010001110
01001110111110011101
01001111001110110000
01001111011101000111
01001111100000010110
01001111111000101101
01010000000001001101
01010000000011111010
01010000000100111101
01010000001010100101
01010000001011001100
01010000001101101110
01010000001110010111
01010000010010011100
01010000010100000110
01010000011000010001
01010000100001010111
01010000101111110110
01010000110011010011
01010000110101110100
01010000110110101000
01010000111010111111
01010001001110001101
01010001010001111101
01010001010110101010
01010001100000001001
01010001100100010010
01010001101100111000
01010001101101100101
01010001111011110000
01010001111101011110
01010010001100011000
01010010010010100111
01010010100111000010
01010010101110101001
01010010101111010111
01010010110100010001
01010010111001011110
01010010111010110100
01010010111101111000
01010011000011000000
01010011001000100001
01010011001101001111
01010011010111101001
01010011011001101100
01010011011011111011
01010011011110010100
01010011100010111001
01010011101011001010
01010011110000100110
01010011110100100101
01010011111011000000
01010100010101111111
01010100100011111110
01010101000111110110
01010101010100010001
01010101011111001100
01010101101010101000
01010101101110001011
01010101110000000010
01010101111001011001
01010101111100110011
01010110000011101000
01010110001000011111
01010110011000101010
01010110011010110001
01010110100101000100
01010110110111101011
01010110111001110101
01010111000000100111
01010111000110001110
01010111011011100111
01010111011100000100
01010111101001000010
01010111110100011111
01011001010101010110
01011001010111111000
01011001101000010001
01011001111101101001
01011010000101000011
01011010010001100001
01011010010011010110
01011010011111101110
01011010101111000000
01011010110110110010
01011010111100011111
01011011000111101111
01011011010011100001
01011011011000111110
01011011011111011011
01011011100000101100
01011011100110011010
01011011101011000101
01011011111010010100
01011100000100000110
01011100000111101001
01011100001001001101
01011100001100000000
01011100010010011011
01011100010011110101
01011100011001110100
01011100101001101010
01011100101110011111
01011100110011111011
01011100111011110001
01011101001111000011
01011101010011000000
01011101011100101110
01011101100110101111
01011101101001110011
01011101101111000110
01011101111010000010
01011110001010010010
01011110010001101011
01011110100011110101
01011110101000100101
01011110110001011000
01011110110010101101
01011111010000010100
01011111011111011000
01011111100011111011
01011111110011000111
01100000000000000000
01100000000001011001
01100000000001111110
01100000000010101100
01100000000011100111
01100000000101011111
01100000000110001010
01100000000110110011
01100000001000100011
01100000001001100000
01100000001100010101
01100000010010011000
01100000010101100001
01100000010111001101
01100000011000001111
01100000011000111000
01100000011010010101
01100000011110110110
01100000100101101111
01100000101000011101
01100000101111100110
01100000110000000101
01100000110001000010
01100000110100101011
01100000110101010000
01100000110110011101
01100000111010001110
01100000111111111011
01100001001001101010
01100001001111111101
01100001010011011111
01100001011100011001
01100001100000110110
01100001100001010101
01100001100100011100
01100001101001110001
01100001101100001110
01100001101111000011
01100001110000100001
01100001111011001000
01100001111101111110
01100010000001000010
01100010011010000011
01100010100011011011
01100010100111110110
01100010101000101101
01100010101111000000
01100010110110011100
01100010111001010011
01100010111101101100
01100011000000110111
01100011000010110000
01100011000111101101
01100011001010000110
01100011001100000001
01100011001111111000
01100011010101010110
01100011010110111010
01100011011111100100
01100011100011101001
01100011101001111101
01100011101100001111
01100011110000011110
01100011110011100011
01100100100110010000
01100100101001010110
01100100110010111001
01100100111000101111
01100101000110001101
01100101001011110100
01100101011000110101
01100101011011011010
01100101011110100011
01100101100000101101
01100101101101000000
01100101110101001001
01100110000000000011
01100110000010011001
01100110000101101110
01100110001011100110
01100110001100011110
01100110001111011101
01100110010100100110
01100110011001000100
01100110101011010000
01100110101100110010
01100110101110101000
01100110110001110111
01100110110011010010
01100111000000011010
01100111001101111111
01100111010101011100
01100111010110111111
01100111011010100001
01100111011101010101
01100111100010101100
01100111100111000001
01100111101100111001
01100111110000010100
01100111111001111001
01101000000110001110
01101000011000100101
01101000100100000111
01101001000101111000
01101001011010010011
01101001101000001000
01101001111011100100
01101010000010111101
01101010000011000000
01101010001011111010
01101010010001110011
01101010010100111000
01101010010101011101
01101010011110101011
01101010100101100100
01101010101000010010
01101010110100100001
01101011001001010100
01101011010010110111
01101011011001001100
01101011100110100010
01101011101011010011
01101011101110001001
01101011110101011011
01101100000000100101
01101100000011010111
01101100001100111010
01101100010110010110
01101100011010110100
01101100011011001001
01101100100011001011
01101100100101111001
01101100100111011100
01101100101001000110
01101100101111100101
01101100111100000010
01101101001011001101
01101101010101000101
01101101010110111010
01101101011000101000
01101101011011100110
01101101100010101010
01101101101010011111
01101101110100011100
01101110010000010011
01101110100100010111
01101110101110000100
01101110111101000110
01101111000001101010
01101111001101001001
01101111001110100001
01101111010011101111
01101111100001010001
01101111100010011000
01101111110101100010
01101111111110110011
01110000000000110111
01110001110001000000
01110001110110111111
01110010001111010111
01110010010111111100
01110010101001101011
01110010101111110000
01110010110000101101
01110010110101110011
01110010111001010100
01110011010000011010
01110011011000100111
01110011100011110111
01110011100110001011
01110011110110000101
01110011111001001110
01110100000111001010
01110100010110000011
01110100011001011110
01110100100111011001
01110100101110000111
01110100101110111000
01110100110000110100
01110100111010101100
01110101000001000111
01110101000110111010
01110101011101100000
01110101011111110101
01110101101101101101
01110101110011100000
01110101110101100011
01110101111010010100
01110110011101001011
01110110100011100110
01110110101101111110
01110111000011000111
01110111001000011001
01110111010000111000
01110111010110010101
01110111010111111001
01110111011101110111
01110111101010110011
01111000000000101011
01111000000110000101
01111000001111100010
01111000010011001110
01111000011001010001
01111000011100100111
01111000011111111100
01111000100100110110
01111000101010011100
01111000101111000001
01111000110011111001
01111000111100011011
01111000111111101000
01111001011010101011
01111001011110001100
01111001100010000001
01111001101001101001
01111001101010000111
01111001101101001111
01111001110100100010
01111010000000001011
01111010000101110010
01111010010001100000
01111010100001101000
01111010101011010010
01111010101100001110
01111010110111100111
01111010111010101110
01111010111110100010
01111011000001000111
01111011000110010000
01111011001011111110
01111011010011011010
01111011011100011111
01111011011101100001
01111011100111101100
01111011101000111010
01111011101100010100
01111011111100110101
01111100000100101001
01111100011011111111
01111100101000011010
01111100111010110010
01111101000011010010
01111101000011100000
01111101001000010000
01111101001110110101
01111101011100001100
01111101110000111110
01111101111111001111
01111110000000001100
01111110010110100010
01111110110001001011
01111110111100111101
01111111000100111100
01111111010101010010
10000000111101100001
10000001111011111111
10000110001001001011
10000110111010100001
10000111100001110100
10001000111001100111
10001001011101101100
10001010011000100101
10001011001110011110
10001011101011011010
10001100011101111010
10001110011101100101
10001110111110101100
10010000011111110100
10010000110101100110
10010001100111100110
10010001110010111100
10010001110111001000
10010001111000001100
10010001111110110011
10010010000111100101
10010010001011110110
10010010001100111101
10010010011100000001
10010010100110100100
10010011001000010010
10010011011011111111
10010011111101001110
10010100001100001111
10010100100101011111
10010101000110000001
10010101001101111001
10010101110101101011
10010101111100100111
10010110010000101011
10010110100000001110
10010110110110111000
10010111000101011111
10010111100000110010
10010111110111110011
10011000011000000111
10011000101111111111
10011001100000100000
10011010000000010011
10011010110011111011
10011011110101101010
10011011111111111000
10011100001000101000
10011100101100111101
10011100110110011100
10011101010010111010
10011101011010100000
10011101101100010110
10011101110011010100
10011110011010101110
10011111001001010001
10100000000000101001
10100000000010010000
10100000000101000100
10100000001011000011
10100000001100111100
10100000001111111001
10100000010011111111
10100000010101011101
10100000010111101100
10100000011000100110
10100000100110100011
10100000101110110101
10100000110111101010
10100000111001100101
10100000111010011011
10100001000011011100
10100001010001110100
10100001011101111011
10100001100000011101
10100001101010100010
10100001101100101111
10100001110110000010
10100001111011000100
10100001111111100111
10100010010000100010
10100010011000011100
10100010100001111110
10100010100101110000
10100010110100000000
10100010111001000001
10100011000001001011
10100011000010111010
10100011000111110111
10100011001110010111
10100011010100010000
10100011011010011001
10100011011011000110
10100011110101100101
10100011111000001011
10100100100110001111
10100100101101011100
10100101000110000000
10100101001111000110
10100101100000100110
10100101101101110000
10100101110000011110
10100101111100111010
10100110000000001011
10100110001011001010
10100110010010011011
10100110011101111110
10100110011110010100
10100110100100011100
10100110101010001111
10100110101111100101
10100110110111101001
10100110111101000010
10100111010011111000
10100111011100110010
10100111101111011111
10100111110101110100
10101000000010011101
10101000111110110010
10101001000011110011
10101001011000110100
10101001100101110011
10101001100110100100
10101010000100010110
10101010001011101100
10101010011001011010
10101010011111100001
10101010101110101111
10101010110010010011
10101010110011010110
10101011000011000001
10101011011001000110
10101011110001001111
10101011111000101000
10101100000010111001
10101100000101000111
10101100001110100100
10101100011001111111
10101100100100111110
10101100101011010010
10101100110001000011
10101100111111001000
10101101000100000010
10101101001101001100
10101101010110111101
10101101100101101110
10101101101001110000
10101101111010101001
10101110000100111010
10101110010001001100
10101110100010101110
10101110101100000000
10101111011000100001
10101111100110001101
10101111101011110110
10101111111001111100
10110000110111010001
10110001000110000101
10110001000111101100
10110001100001010111
10110001110000110000
10110010001100101011
10110010011010110111
10110010101011110110
10110010111110001011
10110011011001110010
10110011111011001000
10110100010010000110
10110100011110001001
10110100100010101110
10110100110011011101
10110101001010111110
10110101011000010111
10110101100111101011
10110101101110110111
10110110010100000101
10110110101010010001
10110111000001000010
10110111000100110000
10110111011010111000
10110111100000111111
10111000000001011100
10111000000100100000
10111000010000010111
10111000010010001010
10111000101010001101
10111000101101101001
10111000110000001101
10111000110110110110
10111001000101111101
10111001001000101010
10111001001011100100
10111001010111000011
10111001100101011011
10111001110111111110
10111001111101001001
10111010000000101100
10111010110111100101
10111010111000011001
10111010111010001010
10111011001100110001
10111011011011011101
10111011100010011000
10111011101001010000
10111011110000011011
10111100101100000001
10111100111100100100
10111101010001110011
10111101011110110101
10111101101010101011
10111101110001000100
10111110001010101111
10111110001111111100
10111110010000111000
10111110011000100100
10111110100010000101
10111110100011010100
10111110111001110011
10111111001000111111
10111111110011010010
10111111111001001011
10111111111101000100
11000000000000000000
11000000000001111111
11000000000010011110
11000000000011110011
11000000000101011101
11000000000110001001
11000000001010110101
11000000001011101010
11000000001100111010
11000000001101000110
11000000010001100111
11000000010100110000
11000000010110101101
11000000011000101001
11000000011010100100
11000000011111001101
11000000011111010011
11000000100111100100
11000000101001000001
11000000101101101101
11000000101110110000
11000000110010110001
11000000110011010110
11000000110100111111
11000000111100000011
11000001001000000111
11000001001101011011
11000001010000111100
11000001010011000100
11000001011100001001
11000001100000111000
11000001100111111100
11000001101011110111
11000001101100000100
11000001101101010010
11000001110001011010
11000001110010000011
11000001111001011100
11000010000001010010
11000010010000101010
11000010011111000111
11000010100011100111
11000010100110111111
11000010101110011001
11000010110011001010
11000010110101011110
11000010111001110101
11000011000000011011
11000011000001101100
11000011000110100101
11000011001000111111
11000011001111001010
11000011011000110110
11000011011111110101
11000011101010000100
11000011101010100001
11000011101101000000
11000011110000111101
11000011110110000110
11000011110111111011
11000011111011110000
11000100101101100101
11000100110100000000
11000100110111111010
11000100111001111000
11000101000011100101
11000101000111110000
11000101001101101110
11000101010000011010
11000101011010110010
11000101011100100001
11000101100010010111
11000101100101001001
11000101110100010110
11000101111010001011
11000101111111111111
11000110000000110100
11000110000001001011
11000110001011011101
11000110001100011000
11000110001110100011
11000110010011001100
11000110010101100001
11000110011000000000
11000110101100101001
11000110110000100011
11000110110111010011
11000110111010010101
11000111001110111000
11000111010101111110
11000111011111010111
11000111100110000100
11000111101000101110
11000111110001000111
11000111111001111011
11001000010100001100
11001001000011100010
11001001001000001000
11001001011110001111
11001001101000000000
11001001110011010111
11001010000101100001
11001010001110010111
11001010011101011001
11001010011111100001
11001010100001011000
11001010101010110110
11001010101101110001
11001010110000101110
11001010110111101100
11001010111001001011
11001011000000101010
11001011001100000011
11001011010011000101
11001011011111010010
11001011101011011100
11001011101110110100
11001100000000101111
11001100000011011011
11001100001001010100
11001100001011100000
11001100011100111110
11001100100100000100
11001100101000011001
11001100110001100010
11001100110010010101
11001100111001111011
11001100111110001110
11001101001010011010
11001101010111001010
11001101011010000000
11001101100011101011
11001101100100100111
11001101101100011110
11001101110110001011
11001101111010100101
11001110001000100111
11001110001111010100
11001110010011011001
11001110100010000010
11001110101001111001
11001110111101110110
11001111000001001110
11001111000010001100
11001111010100010010
11001111011010111001
11010000101000110000
11010000111011000100
11010001000010001101
11010001010010110101
11010010010001111011
11010010101101001101
11010010110011011101
11010011001100111000
11010011110001100110
11010011111000000000
11010100000100100010
11010100001011001111
11010100011110011111
11010100110101010101
11010100111100101100
11010100111111100011
11010101001001000001
11010101001011110110
11010101010000011011
11010101010110010110
11010101110010111101
11010110001000000110
11010110100000001000
11010110101111101011
11010110110011101110
11010111000000100011
11010111001110011100
11010111010101010000
11010111010111111110
11010111100000010111
11010111110001100101
11010111110111001001
11011000000001000101
11011000000110110001
11011000001110100111
11011000010001010110
11011000011101111010
11011000100010111111
11011000101101110110
11011000111010011100
11011001010010110010
11011001010101110101
11011001010110101000
11011001011101111000
11011001100010101001
11011001100111011000
11011001101001011111
11011001101111101011
11011010010010000010
11011010010100000101
11011010100101101101
11011010101011111100
11011010101111000101
11011010110010101000
11011010110101010011
11011010111100101011
11011011000000001111
11011011001101100100
11011011011011100010
11011011011100010000
11011011110001110111
11011100101011101110
11011100110100100011
11011100110111011101
11011100111010001011
11011101000001111001
11011101001101010011
11011101011110101100
11011101100000010100
11011101110111100110
11011110000000011010
11011110000010100100
11011110000111000110
11011110011001001101
11011110101010010001
11011110101111000000
11011111000100010100
11011111000101001001
11011111011011111111
11011111100100111001
11011111111010011111
11100001110111010000
11100010111000101101
11100011000101000111
11100011010100010001
11100011100101100001
11100011101010010100
11100011110010000110
11100100001110011100
11100100011101100111
11100100011110110101
11100100100110101100
11100100110110101011
11100100111000001000
11100101011001111011
11100101111000110000
11100110100000111010
11100110101001100111
11100110101011010001
11100111000101011000
11100111010101110101
11100111101111000011
11100111111110110100
11101000000110010111
11101000001000000110
11101000001011010010
11101000001110111100
11101000010001111001
11101000010110001010
11101000011001011100
11101000100011111101
11101000110000010010
11101001000001101000
11101001011001011011
11101001011010100011
11101001110100001100
11101001111111100010
11101010001010111010
11101010001100010111
11101010001111100011
11101010100000001101
11101010111111101101
11101011000111011110
11101011011000100100
11101100000111001000
11101100001101010001
11101100011010011100
11101100110100011101
11101101000011001001
11101101010101100011
11101101101011000111
11101101101110001010
11101101111010000101
11101110000011000001
11101110110110011111
11101110111101001110
11101111010010110000
11101111011011101110
11101111100111110011
11110000000011000010
11110000001000011110
11110000001100101110
11110000001111100111
11110000010101100100
11110000011001010001
11110000100100001110
11110000101001111011
11110000101011011100
11110000110001000100
11110000110110111010
11110001000111010101
11110001001010010001
11110001010000001111
11110001011101110110
11110001100100100101
11110001100101011011
11110001101000001010
11110010001010001101
11110010100010111000
11110010110101110010
11110010111000100111
11110011000010110010
11110011001000010101
11110011011110101000
11110011110110011111
11110011111010101101
11110100011101111001
11110100100010100011
11110101000000110101
11110101010100100010
11110101011001001010
11110101011110010010
11110101101011111111
11110101101110100001
11110101110001001110
11110110001111110000
11110110010011011001
11110110011010010110
11110110100101010101
11110110110001100001
11110110111100011011
11110111000011011110
11110111000110001000
11110111010110100111
11110111101010100100
11111000001011100101
11111000011000100011
11111000110011011110
11111000110101000000
11111001100111010110
11111001101011001001
11111010010001110111
11111010010110111111
11111010011111001110
11111010100110101100
11111010100111010001
11111010101100110011
11111011001100001111
11111011010000111100
11111011011110001100
11111011011111110000
11111011100001101010
11111011100110000010
11111100011111000001
11111100100011100010
11111100101000110100
11111101000100010001
11111101010101101001
11111101011000111111
11111101101100101001
11111110000111111111
11111110101101001010
11111110110111101000
11111111010000000001
11111111110010000011
