# A309370 a(22) >= 3567: a Sidon set in {0,1}^22, found substrate-guided
# (retrieved the stored a(21)=2606 record and extended it; the 2606 seed vectors
#  appear here with bit 21 = 0). 3567 vectors, one per line. Verified by verify_sidon.
0111011011011010001000
0111011011001111101010
0101101100010111110110
1000101100100001011110
0000011101111010110010
1101100001001111001100
1011101011110101111010
1110010001010001001100
1100010001101000100010
1010001111101001111100
1100110011011001110100
1111010110100110001000
0111011000101101001000
0000011101011101111010
1101001000000011011010
0110001110100000101000
1100011101001100001110
1000110110100001011100
0011110010100011001100
0011111100000100010100
0100001011001111110010
1000101100000110111010
1011010101100000110010
0011100101000111100010
1010010110001011101010
0100000100101000001010
1101011110101101010000
1000010101001100101010
0000000000111100010110
0101110110000010010110
1011111100011000100100
0110000001000110010110
0011111001011101110110
0101110010100101100110
1111000100101101111110
1101000011110101000110
0000001100000111101100
0111000011010101110000
0010010100010100100000
1100010100010011010100
1111001101100101110110
1011011011001100111110
1111000011100000101010
0111011100011010011000
1000101001110010000010
1111101010101001001100
1101101000101010001110
1000110010101100111100
0101000001001011000100
1001001101101011011110
0000111000001101011110
0010111101010010100010
0000111010011010101000
0010000111111111110000
1111100010000001100110
0000101011110110011110
1111001101001111010110
0000101001100110010010
0100100100101000100010
1010010001110110110000
1100010001010010001010
0001111110110111010110
1101010100011111101010
1110000011010101111000
1000101001000111100100
1100010010101011100010
1001001110101110001000
1010001100110000010000
1101010100101010001010
0011111111000111101010
0111010100011010111100
0010101001011001110110
0001101100100110011000
1111110011110101100100
1001011111111000100000
0101000110111110101100
0100001001100110110100
1110100111110010001100
1001101101000011100110
1000101000100011011100
1101110101001110110110
1010011010001101100010
1110111101010010110100
1011111101000001110000
1101000101010011001110
0100101010111110010100
1111110100110101111110
1100111001011011101100
0101011100000100010110
1110100000111111100100
0101011110000010100110
1100000010001000110000
1111011001000000000000
1011011110001100111110
1110111001001010111110
0100000101101010001010
0000110001010100000110
0001110011100110101110
0011111100010001101100
0110101101110001101110
0110101001010101111110
0000011001010010111100
0010110000110001100000
0101011100011110000000
0001010101010000111010
0110111010001000111100
1001111101101001000010
1011100000110010101100
0001101101111000101010
1101010100010000110010
1110101011110001000100
1110110011010010101100
0111011110000011000110
0101101000000101011110
0000101001100110111000
1011101010000000000110
0011101000111111100000
1111101011001010011010
0010110011110001001100
0011011010011111100000
0011000011110010101100
0100001001111000010100
1101011011110010000010
0100011100110100111110
1110101000001110101100
0001100000100100010110
0010000110110101010010
1101010111001000010100
1000101011001111010110
0110100010001111101010
1010100110111111101010
1110111010100000100110
0010000001010100100100
1001011011100010001010
0101000011010010111010
0111000000011001100110
0001000110101011010100
1000001010001011110000
1001010110101110111000
0101011110111111110010
1001101011101000000010
1110110100011100010000
0001000001100110110010
0011010110000111101010
1011000000111010100000
1011110100010001100000
1000010001001000111100
1100111000001011110000
1110111001100101111100
1101110011101111100000
0000100100011110110110
1011010100100001010100
0111100010001001011100
0100001000011110001000
0110101001001100110100
1001011000011010101000
0101111000000010110010
1011100010010100100010
0000111010100101001010
0111000000111111001010
1010011000111000010110
0101100010001010010010
1010000111111101001110
1010000011001010100010
1111000001011001101100
0111101110001110111100
1110001100100000101010
0101010100001000011110
0111110101011100100010
0111010100111000110100
1100000010011110001100
1100100100001010001010
0100010011001011001110
1100110010111111101100
1101010001000001100000
0110010110111101010010
0110110001110010100010
1010010101111001111100
1011011010100001010100
1110111110101001001000
0100110011111100000110
1010001110111101010110
1000101001101110001100
0001011011001010111110
0111001000011001100010
1111101011000101111110
1011110111000011000000
1110100100000001111010
1011100111110110000010
0100011100111010010110
1010110000111101000110
0010000101010010111010
1110110110111010000000
1010011101111010110010
1100101101101101100010
0011010101100001101000
1111010101110001110110
1000101101110001110100
0100011101111101001100
0000110100110111111010
0101010111010101110010
0110010010001000011110
0000110111111010101100
0110001111111101111110
0100010111001110101110
0111100101010000011110
1101001001011000111000
0001100011110100100110
1100011011010000010110
1100110001110101010100
1111101101101111110110
1100101010011101000000
1000000111100101110100
0110011100110110001000
0111011110010001100000
1110111011000101001000
1000110100100101100100
1011000011110101001000
1000100100011001111000
0101111101010101100110
0001110011001001001010
0110111100010110100010
0011110110001001011100
1011100110010001000000
0001100101101100000000
0101001110010001110110
0101010000011101000110
1000001011101001010000
0011000001001110001110
0000100110100111000000
0010101010101000000110
0101000010010101101110
1100000011011111011010
1101001010000100000000
1111000101011000100100
0111101100010111010000
1010010100011010100010
1111001001010001001010
0010010101010010010100
1111111000010001001010
1000111011000001101100
0010100111001010110010
1110101101100101000100
0110011011010010000100
0011110001100001010010
0001110110110100000000
0010100110101111011010
0111011011100111011010
1000000000010100100110
0100110001000101110110
0100110011010011001110
1000000101111001011010
1110011110000100101100
0101010101011100110000
0111001100100100011100
0111101011010100110100
1111000101110000100010
1001111011001001000000
0001100010100110011100
1101100000111110100100
1110010000010111101110
0111000000011100100000
1001010010000100110110
1001101011101110000010
0101001110010000011010
1000111010100000100100
1111000101000000100010
1111011000101101100110
1110111100100111111000
1000101011101010110010
0011100011101101100000
0011100110100011111010
0000011000101111100110
0001110100100001010100
1010100111100110100100
1111101011111100011100
1000001111111011000000
1010011001110111001100
0100000000010110010000
1100110001110010101110
1100111011001010011010
0110110011110100101000
0111000000101011000000
1111000001110011110000
0001011110011001111000
1010101010000110101010
1000001100101101001110
0111111000101110110110
1010001011000000011100
1101101001100010101000
1100001000100111100010
1000110011001100110100
1011101101111001010010
0110111000100111101010
1101100010001000110100
1000100101101101111110
0101000000011101110000
1011011011010110000010
0001010111110010011100
1101110101010010011010
0000001110100001100110
0100111011101001101100
0111011011100110010100
0110011111111010101100
1110000111011011010110
1001000100011110101010
0011000000111000011000
0101101001011011101100
0011101001110111101000
0111110000100001000000
0111010001110110110000
1110100111101001101000
0000011001001111101110
0010101110000010011110
1011000000001000011000
1001101000101101111110
0001011100101011110100
0100010101111111100010
0011110111111011001100
0111011100001001001000
1111000000001010011110
0111101110111001011010
0000100001011110100110
1000001111010000111010
0000101001101101111100
0110101110111111011110
0111100100100111111110
0100101001100101011110
1010110011101010000000
0101100110101101110100
0001001110101000101000
1110111010010101011110
1110011101010110100000
1000110000100011000000
0010110100010101000000
0001001011010110001000
1011000001011111001000
1010000001101111011010
0000110101011110111000
0001000101000010111010
1100101110000010001100
1001111111001100111010
0001001101100100011000
0010010010100110101110
0011011001101111101100
0001010010100011000000
1101001011101000110100
1111010010001101101010
1001101001100000010110
0000001001111000110110
1100011010001100110110
1001001111110011011110
1100101110100110000110
1110010010100100110100
1001001011011110000100
1010010011011001010110
1001010110101011100100
0110100111111011010010
1011110000110100011000
1100010000111110011000
0101100100110101110100
0101101100000101010010
1101000011010011001110
1100110011111001101110
0000010101001101000110
1011111000101011000000
0010000110000100100010
1101110011010010011100
1100100011001010000010
1011101001100111110110
0001011110100111010000
0111000100001011100010
1111000110100101101110
1000011101010100101110
1010110111001100100000
0001100101110010001000
0000010110001110001000
1000101110101110011010
1101110111110100101010
0110110110111110001000
1110010000010010111010
0000010010011110010000
0110101000000010111100
1100000010000100101100
0000001100010111000100
1101010000000111101000
1110100111010010011010
0000100010010101011000
0101010011011010010100
0011111111011101111110
0111110011111011010010
0111011100110110101010
0001011100110001110010
1001010010000101011000
1001011101110110011110
0010111111100110000000
0100100001000110000000
1010011010000101011110
0010011110011110111000
0000011110100011111010
0100110111101110110000
0100111011110110000000
1111010011000011100100
1101001010001110110100
1010101101101000000100
0101011101000111001000
1110101111000001100110
1110111011010111110010
0101011001010001111100
0011011000010000001110
1001111010011001100100
1010010111000111001110
1010011001101100001100
1001110101111001100100
0111110101011111001000
0110100000111111111110
0001110110101011110010
1010101011000101011000
1101001001010101001100
0001001111011111001110
1001010010101001111000
0010100110101010001010
1111001100011110000000
0100100001101111111000
1100101000110001101110
0101101100000010100000
1110001111111011001010
0100000010110101011110
1000011101010110100000
1101011010111101111100
1000101100111011101110
0010000011001111111110
0001000000010001000010
0111101100100011000100
1111111000000000001000
0100101010110111011100
1011110110011010010100
0111001010101100101100
1100110001100010100010
0011101111001011000100
1000011010111100100000
1000000010001101111110
0000100111110100110000
1100010100010010001100
1011000110010110110100
1010100111100110101100
0001101010100100100000
1010010011111000010110
0000111010101110000010
1011010110011001001000
0001011110101111000010
0110110111100011001110
1101001110000111000000
0111010110000111011100
1101110010010010110110
1111110110111011000010
0110111011111101101110
0001100111010100101100
1011011100110011110010
1100010001111111100110
1010111011011111001110
0111000011000010001100
1111111111100111001000
0111011101010111101100
1101011001001110110110
0010000110001010110000
0010001011000001101100
1010011110101101010000
1011000001000110000110
1011101001111100100010
0011110110000100100110
1000011011100000100000
1011111000101000000000
0001001001000001011110
0001011010011011000010
0101000110010100000000
1110100111000101000110
0100110111011101111000
0110100110010110111010
0110111001010101001100
0000110111101011110100
1011001101010101011110
0011101011110000000100
0101100111100111101110
0001111010001000101100
1111101010000010100100
0001000100010001000110
1100010010000001010010
0010110110011011111100
1011110101111101101000
1001111100100110110100
1001000011011111000000
0010111010000000000010
1010111000111010010110
0010100010000011011010
1100010001011000001000
1100110101011110010110
1010000011110000010010
0010011011110000101010
1010001100111110100010
0010100010010111111000
1001001001011011010010
0101010011011101000110
0100010010000001010010
0101011010000110110110
0000100110111100000010
1111011001100110011000
1000100011000000001100
1111011100000101110110
1111011000001111000010
0001101010111000000000
1110110000101101100010
0111101001011111011010
1011010101011100111010
1100110111111100100100
1001111110010011000010
1101010010010010000100
0011001111001001010100
1111011000110111001100
0110101001000000000000
0010111010100000001110
1111010001011110010100
0010011110110100110010
1110101011001110110010
0001111000010111000010
0111001111101110111000
1011001000111000010100
0001000001001111001000
1001100001111101100010
0101011011110000010000
0011001011101111011010
0010000010010100001100
0100101100101010010110
0110101101001000010100
0010001100110001110000
0001100100100010100110
0111111001001110100000
0100011110000101010110
1001111010111101010000
1110110101010010110110
1001101111111101010000
0101111001110000010000
0011000110111000001000
0100000010111101010000
0111111011000110001000
0000110011010001110110
1001111011100000100000
1001000110000011010110
1111110100001011101000
1011110001000010111000
0111010011100110111000
1011110011110111000110
0011001111101110110000
0111101111111011101000
0000101010000001010000
0101000101100011011000
0001100001010001110010
1001001110001000000110
0101011110000111101010
0010010101011100101110
0111100011011010010100
0111110100001111111100
1000101010011000010000
1110010101001011001010
0000111010010001001100
0101001111110001101100
1000011010011111011010
1011011101100011111000
0010100111000000101100
1110100110100011011000
1010011010010100101000
0101011010101001001110
1100010100111000011100
1100111000010011100100
1001010110111100111100
0000011101101101101110
1000100111101110100110
0101001000011010000100
0100110110011101100100
1001101010010110101010
0010011111001110101000
1000000000100011010100
0110010000111101001100
1100101000000001110010
0111000000111000011000
0100000001010011111110
1011011111110010011110
0011011011100010011100
1100000001101101000100
0100001000100101001100
1010110010001010110110
1110011101110100100010
0000000110010111100110
1010101011001010001100
0100101011101110100100
1011000010101111011100
0100111011100000100000
0101111001111010100110
0100111111011010110010
1100101010101000001000
0011011100000001110010
0000011000110010100010
1001111101101001100110
1101011111010000010010
1101010110001111011110
0010101000110011100110
1000100111010111000110
1100111010101001100000
0111101000001101101000
1101110011000011001010
0101011010101100101110
1001010010011011000010
1001001110010011001010
1000001111100110000100
0100000011101111011000
1111010111100011111010
1001001001011110101010
1101011001011001010110
1100010000110111011110
1011110111101001001010
0111010000110011101000
0010010001010100101000
1000001100110110110000
1100111000100111011100
1001000011010000100110
0101000001100101111010
0100110101001110100100
0010111001110110100100
0101111011111111011010
1110100111010111100000
1011011110001111100000
0100000101110010111110
0000101001001000110010
0001001111100000010010
0101000001001110010100
0110100000001000011110
0101010001100101011110
0100000000011110111100
1010101011111011111000
1010100101100101011100
0001010111001100101010
0100001111101110001100
1100101100010000011000
1011100010110111000110
0111010101001010000010
0000111101101111010010
1101010011011101111110
0101101000001111100000
0011001111100011110010
0000111000011101111000
0000010101101010111010
1101011000100010000100
1011011100000100110010
1111001101110101011100
0100100110000000011010
0011001001001010100000
0110110001100011111100
1110110000001011010110
0010000100110101001110
1001100111001000000100
1111100000010000110100
0000100000001101001010
1010101101010011011100
1010010011000000100110
0001100110010001011000
1110001001010011110010
0001011001110000111100
1000110100100111101000
0001001000101110100100
0000010110001111000010
0010110010011000101010
1011111111000000100000
1101100010110110110110
0111100011100001000000
1110011111111010010000
0000111011000001101010
0111111111100101101010
0100110010011110000110
0000010001111011110110
0110001100100010001100
1000111001001000101000
0101000010110110011000
1111010001001011010010
1100011101110010111000
0111011110100010011100
0001100001000100111010
1100011110000001011010
1101001000111111100010
1110101111001110010000
0101100101000011011010
1011001110000011010100
0111101101100101011010
0101111001000001010100
1100111100001000111000
0100110110010100010100
0110011101111001010010
0100010001000001010100
1011001101001011010000
1001100000101001010110
0101000000101010001110
1111100011110101010010
1010011101111100010000
0010001000110110100100
0100010110000010111010
0101000101111101100000
0011001001010110111100
1101010100101100111110
1000011110110101101000
0011001001111100111000
0101101000001100101110
1000110000100111110000
1101110001001000001000
0111001111000111001110
1101110010001011100010
1010101110010110011010
1111100111010000111010
0111100110101100100010
1100010111010111000000
0111100001010001100010
0010101100100010001110
0110111011010101111010
1010011100001100001100
1011011101000101110000
1100001110000011011010
1001100101100000110010
0111010110101000100100
0110001011100011001110
0101101001000011011100
1101000010000111111100
1110001111111100001110
0111011101100011110110
1000011111010111110100
1111110000101101011010
0110101000110011000110
1001110000011110100100
1110010010011110111100
1000111100010111100010
1010100010000011101000
0001110111000110110100
1000101101011110001000
0111001011000001001000
0110001110101111011110
0001100111100111000100
1000011001101111001110
1010101011010000011000
1110010000001010010000
0100011110010100101010
0101000011101111010110
0100101001000111101000
1111110011110001011100
0010011010010100000010
1111101101011000000110
1001100110110001111010
1110010101110010001110
1111010100110111110010
1110001011010100100010
0010000110000011001000
1100001100011100000010
1111000011011100010010
0101010001000000110010
1001000111000000111110
0001111000011111101000
1000010111000011011010
0000001101011011101100
0011100100111001111010
1111100010110100001010
1110110010110001110000
0110101000110010101110
0110010100101001101010
1101111011100101001000
0010111100001100011110
1110111111001001010010
1100000010111101110100
1111110100100101000010
1000000001100111001010
0011111011100000011100
0101000010100010010100
1011001110000111000100
0001010001001101111110
1111011100111011011100
1010000100010011010010
1111111011110001101000
0110000111100111011010
0100010001100100010100
1010011110001101101100
0000111000010100110110
1010101011011011101110
1100111001000111011100
0011001100100001101110
1101111101010100000000
1111010011101111110010
0111001100100011011010
1101110011010100110110
0000100110100100100000
1001110000001010011110
0110001111000000010000
0101111110011101000100
1100010111011101100100
1001001101111101011000
0100110100011010001110
1110000100101010010110
1100010000011100110100
1101100000001010101100
0100100110010101001000
0101011010000111101110
1000100010111010001110
0010000011111001001010
1101101100001101110010
0100101010011001011110
1111000001110111100100
0111101110110111101000
1010101010111111010010
0001101011000111010010
1101110010001100010110
1001100100001111001110
1101111110111011001100
0111101010011111011110
1100101100111011110100
1100010100111010011110
0111011000010111010110
0010000101001000001010
0000010011101100111110
1010100011000011101110
1111011101010100100010
0001011000111001001010
1011001100100011100000
1111101011110111101110
1011001011111011111010
1001010011001001111110
1001100111111110110100
0000110101110110011010
1000011000110111010000
0111010011011000110100
1110110110011110011100
1001110101111011100000
0000100111001101001010
0101100100111011010110
1111111110101100111010
1000100111101001100010
0000011001110001111000
0010001001110000101010
1110001110011101101100
0000101101110101001010
1101010000110100101110
0100110011011100110010
1110110011111100000000
0110001111001101110010
1010000001011000110110
0001000011111000101010
1110010011010010100100
1001111101001111011100
0000010010010100110110
1111011111001000101010
1010110001110100010010
0000010110000110010010
0010110110001010001110
1011101111101110010000
1011000010011010001110
1110110001011001011100
1010101100000101101100
1101100001000011100110
1110111100110101011010
1011110001000001010100
1001011000100011011000
1100000001100100000100
0111010010100110100000
1010100110010101110110
0111001000010111101110
0111000100101111010000
0101001100011010101110
0000011110101000011000
1101111011111011000000
0101110011111010100010
0001010110011011111100
0000100110110111100000
0111110011001011010100
0001111101010000111100
1101111101110011110110
1101110000011010011100
0111011100011100010000
1100101100000011000110
1010111011100000100010
1101111111011101111100
0111001011011010010010
0111001001100000001100
1000000111000101000110
1000001001001111010000
1101100101110001001110
1011100010100110001100
0010100000100001110000
0000010010100101110010
0011110001000101011010
0000000110101100110010
0100010101101100011110
1001000010101110001100
0101000111110111111010
1101100110001101110000
1011001111010101101010
0110011101110000011000
0000111001001111110100
0100010111101110000110
0101110000001100110100
1101111000101000110110
1001111100011011101010
1110010111100110110000
0110000000001000010000
0011110101111101101100
0110101101001111000000
1000110101011001011100
1010011000001101000010
1111111111011011101010
0010000011100001011110
0101101000110100111100
0100010111110000100110
0000010100100111101100
0011111111101100010100
0011101001100111111000
1010100010101010100110
0101010111110001011110
0111001111001110100110
1010010111000011010110
0111001011010101001100
1010011000011110101000
1101101000100011111100
1000001010111111011010
1111010110001010000100
1110011000000110101110
1100001010110100000010
0001010000001000001000
0010100000011001010110
1101000011011001100110
0001000111101011001100
1010100111111010111110
0100001010011000000010
1000011001110000111110
1101001001100100101010
1110101100110000011100
0000011111000001000000
0001011111110110010010
1000101000111101110100
0010101001111111010110
0010111011110001010000
1000001100011010000110
0110011011100101100000
0001110000000110110110
1100101111001000001010
1001101010111010100110
1010000010010101010100
1100001010110000111010
0110011000111001110000
0011100101110100110100
1110011101011110000100
0110000001101110001100
0101111111100101100010
0000001001011100001110
0010100101000100000100
1111001001101000011000
0101000101110011000110
1010001010010111001100
0100100101100001011000
1100111111001001111010
0100000100001000001100
0110111110110110001010
0110000111011101111100
0100110010001111101100
1101110100010000000000
1001010110000100110100
0001001100111011100000
1111111101000000010010
1100001111000100001010
1001100000001001011010
0000011100111101011010
1000001100001011111010
1010001011111000000110
0100111110101011000100
0011111000000010111100
0111101100000011110010
1101001000110110011110
1100010100011011000010
1011111100101011110100
0011100110001011000000
1011011011110011011110
1000111100100010111100
1001010010010010111100
0001001011001100000110
1110110100110100101100
1110110011100101000110
1110001101011110010000
1000100100000100000010
0010000010111100100010
0010111011001101011010
1001000010000000001100
0110001100111000000110
1110111000100101110010
0111000111111001001100
1110001111001111111000
1001001100100100101110
0011100001101101101110
0100011010011110101000
0001100001111011000000
0010011010010111111110
1011010110010001001100
1010011001000001000100
0001010110001010010010
0011110011011110110100
0011010110001010001110
1011010110001110101010
1110111010101001101100
0010001111111010011000
0010000110001111111010
0111011110110101101100
1110010101000110101110
0001100101100011101110
1100110000111100111010
1010100111101011010010
1111001101101100111010
1000100101100010000100
1111110001100001110010
1101101001001010100010
1000110011101100111100
1001111000000000110010
1111000000101111010110
0010010000011010010110
1000000110100001011000
1100100000100010011100
1011011101001111010100
0101001001101111100000
1101111110101001110000
1100001100000011010110
1000110010011001010010
1100010101011100111010
0100010101010011101100
1111011011010000100000
0111010001111010010110
0100010011100010000100
1011000000010001111110
1000010000001001100000
1001000000010110001000
0101100010011101101000
1001101111010011010100
1010110001000111110110
0000000101110001001100
0100110001111001101010
1001010011011110111000
0101100110000001011100
1001011110011101100010
1110100000010111001000
0000110011001101001110
1000101111011110001110
1011111000110000010100
0001001010110100100110
1001111000100100000010
0010110000111001111110
0011101001101001101010
0111011000000111100110
0111001101111010011110
0011111101101001111010
0100010101110000011110
0101111001000011001110
1110111101011000001000
1100111011000001110100
0010100110001001010110
1101101100000011010010
1101100001001010101110
0010110010100110100110
1011000001010011010000
1010111110011011101000
0100000101101101001100
1011001011001111110000
0010111100001000111100
0001000010011010011010
0010000111101010000000
1110101101110000101010
1010000011111110010100
1001010000000100100000
1100001001110101000100
0010110110111100110100
0110010000011100001110
0111100011100101101000
1110101100111011001010
0010001001110111010100
1101101111001000011100
1000011111011110010000
0000001001000001110000
1011110011000010110100
0010011001001000011010
1000011000001001011100
0101110001011001100110
0011111111011101001100
1010000101111000110110
1100110101001001110010
0111011110011111001010
1111010001101010001010
0011101000100000110100
0101001111110100001010
1000000100000110111010
1100101011000011011110
1101010101011010000000
1111011110011101011100
0010100000001110000010
0111110001011010011000
1010001100001111000100
0000101000001011011000
0111010110110011000000
0111100000111111101010
1001110100000001000010
1111011011001000010010
0111100111000011101100
1101111001111111000000
1001010100001111111100
1001011101111011001000
1000001100001110011110
0100001100110001011110
1010010101111010100010
1110010111001111111100
1010000110111001110100
1101010000110001110000
1110000001110110010000
0000010011010111000010
0010111110001011000110
0010000010100000111010
1000101000111011011010
0100111111100000000000
1010000001001110101100
0110011101111010011010
1100101011101000110000
1000100011000001101000
0100000101001101100110
0010101001010101100100
0000001111010011101000
0110011100011000001100
1110111011010001111110
1100000100100001010110
1011011101010001011010
0100011111110110101010
0001101010011110101100
0101010110110010010010
0101010000111100100110
1111111101000111110110
0000010110100100000110
1110100110101100010010
1001010011101010111010
0010010111000001100100
1100100010100000000110
1010010011100010101000
1000010111011010001100
1010001010110111110110
1111100110111110111000
0111011110110011001110
1010101010010111110110
0111101101011100001010
0011011101000010111010
0011111010001111000100
0111000100111000100000
0011011010010110001110
0000111100010011000100
0101101010000110111100
0010110011011110010100
0110001010010010100010
0001111010111000110000
1100110110001010011000
1111010010111110011000
1010000010110101110100
0011111000001010001000
1010111101000010010010
1000001100111011111000
1111001101001000010110
0010111001010011010000
1000011010010011110000
1110010000111000001010
0011011011100000010000
1101100001000011000110
1000101000010001100100
0100100101111001110000
0000001010011101000110
1001100000110110111110
0011100000010101111000
1011011011000110110010
0111000110000001100110
1111011110111110010110
0111001011001110110100
0101010001001000010000
0100100101000110001110
1001001000110110111000
1011010110111010111110
0111000101101000111000
0000100011101010101100
0011110111011011111100
1111011010010000010100
1101101100001001011000
1111111110100110111000
1010111110110101111000
1010000011101000001100
0110101001100010110000
1010010111011101000000
1010101011001101011010
0111101110001011100110
0110001111011011111110
0011001001001011010010
1111101011010001100010
1101000011111000010110
1100011001001011001100
1111100101000110111010
1000001001101100011110
1011101101100100010000
1001000011000001011100
0110110101001101001000
0101111110000110101010
0001110111010100001100
0110110001011101000000
1010011010011010111000
0010010010010001010010
1110010111000101110110
0001000011000000001010
0000010011011000011100
0110011111011011111010
0110010001011100010100
1000010101010011010100
1010111010101101101110
0011011000111100111010
1100100111000100101110
0001011110010101010000
0010101100110100010000
0001010100110111101110
0010111101100010001100
0110110111011010110110
0111100100111101111100
0100110110011110011010
0000010010001110010100
1000011101010100000110
0010000011011100111000
1011101110000110010010
1111110010110100011000
0010100110010100011100
0100010010100001010010
0000111101100101000110
0010010000110000000110
0111011001011010100000
1110101101001010111100
1001101010001010111110
1010101111001001000010
1000000110010100101000
0001101110010000010110
1110101110111111110110
0001110100110001101010
1110011111101000100000
1011110111011000011010
0010110110000000001010
0100000001011111011000
0010100100110110100110
1001101001111111000000
0111111011011101110010
1101000010101110011100
1110111000010011100000
1100100011000110100100
0011001011111101101100
1000110111000101101000
1110100010110110010100
1110100010010001111000
0011001001000010111110
1011000110100100000100
1101110000001011111110
1010001111000100011010
1111100110011110100010
1100011100110000010010
0110001100101010011110
1001010001011010100110
1111111100110001110010
0001010000101011100110
1001000111101110111000
0111101100101001011010
1101110100101101010010
1010101011101101111110
0101001101101001111110
0011111111011010110000
0100000101001110011010
0001110101010001000000
0001110011010100100000
1100011001111111111010
1100101100001110101000
1100001101001011110100
1101011110111011001000
1111100000100100010100
1001000000010011101000
1010101101111100100100
0110000000001101100000
0100000001000000100100
0100100011111011000110
1110000110110100000000
1110000010010111010010
1111101100001011000010
1101110100101000101000
1111100100111001100010
1101000000000100110000
0110011010100011101000
1101100100100101110000
1011011000100100110010
1010110101100111111000
0000100111110111110110
0001001010011100000100
0101111010010111110000
0011111110000100000110
0101010110101000011110
1001100011011111111000
1011101111000011001110
0010110011001011100000
0011100001110100001100
0010110001110011011110
0001011011111001110110
0011111101100101100000
1100010010111010101100
0100101010111011100100
1111101000010111110010
1000111110000101011100
0011001101011001101010
0010001010101101111110
1110000101100110000000
0011100110011001100010
0101111001001111111110
0010111100111001011110
0110110000011001011010
1100110011111100011000
0100000001100000101000
0101011111011000110100
1001111110100011010000
1000001000111110011010
0101000111010100110010
0100110001001010011000
0011111010111100000000
1001111011010011100010
0111010000100110100110
1001100000010000101100
1011100110100011101010
0001100011000011011000
0010001111111001110110
0000001110111011001110
0110100111101100101110
0001111011001111111100
0000011101010000000000
1110110000010111101010
0111001110101001001000
0001110001111111111000
1000101000011001111100
0001100111010010001010
0010010110000111111100
0110101001001111101000
0010011011101100111110
0001010000100000000010
0101010100010001101010
0000010101111101010000
1101111010010110110010
0111001100000010110100
0111101100100011110000
0101011001111011000100
1101100100000111100110
0011110000010001111010
0111100100001100101010
1100001111011011000100
1001000111001100001100
0110100111001111000110
0010011100011100011010
0101101011100001001010
0111001000001011110010
0110001000000111010000
0000101110000100111000
0000101010011101100010
0001101001110010010010
0001011010100011100100
0110010011011100100110
0010000001110011011110
0010100011101101010010
0101011001111001111010
1011011110111111111000
0000110001000110101100
1010010111110111101100
1001100110001100011010
0010000101100001101100
1000000110100111101000
0001110111011000000110
0001001001011011000100
0010110111001111011010
1100011001110010100110
0101010010110101000110
1000101000010000100010
0100100001001110111100
0110111111010011001010
0000100100011000010000
1011110000100010110100
1110110001011111101110
1011111010111100111010
0000000101011110011110
0110110001100000011100
0101111100010000111110
0011101010110001010100
1110010110110001111110
1110010110001010111100
1101011101111100000010
0010001101000011101010
1001111101010010011110
0100111001001001100010
0001100001100110111000
0000011000011101000010
1001000010101100010000
1100011100000001001000
1101010100000000100000
1100000010000001000100
1100100110101111111100
1111001001001101010100
1001111111101110010000
0011001100010100111000
1000111111100000001100
0111101110010110001110
1110100010011101011100
0010111011010010000010
0111111010111100110110
0100001010111111011110
0010011110101101011100
1010010001111011010010
0100010111110111011010
0110000110111000001000
1111000000101111010010
1100011100110001101000
0111111001001000001010
0100101000100100010010
0111000001111111110110
0100011100110000100100
1101111001111010010100
1011100110111110011110
1000010101001000001100
1110100110001101111000
0011001101010001110110
1011100011110101101110
0010110010111001110100
0011110000010000100010
0010000001011000000000
1111010100110110010000
1010000111000100110010
0101100010101011001000
1001010101100110111100
1101010011110111001100
1110101010100011011000
1101111011011110110010
1111000111000100001110
0000111101100000011000
1011000001101101000010
1001101011110100000100
1000101100100100001100
0001111111000011110010
0111101000001010001000
0010010010111000110100
0011000100000101111000
1011110011111111010010
1010101111111111111010
0001000000111001111110
1100011110010011010010
0110000001110011001000
1111010011101111111110
1110000101011000110110
1101111101101101100010
0110100000110001110110
0000001111000011011110
1011101010101101001010
0100010100001110110010
0010100000001001111000
1010010010101111111000
0100011001000111101110
1101110010100111001100
1011010000100110111110
1000000011111011011000
0001110001000111010000
0111111010011001100100
1011111011110010011100
1100110010011001011110
1011100110111100100000
1001011100101001011010
0111101001010000110100
1101111000101010110100
1110000010000011011110
0100110101101001100100
0000100000110010110110
0010101110111111101110
1011010000011111110100
1110001100010010011010
1010110100000101110100
1100000001110110010000
1010011001100001110110
0110111011001010000000
1111000110000110111000
0101100111111000101010
0110000101010000010010
0010111000101000000100
1100101010001010110110
0011100010001001101110
0011111111100001000110
0101110100010011001000
1111001001111000100100
1111001010101011011110
1111010011100100011000
0001110110110001011010
1001010100011000010100
0110000100000101110100
1010100000101110110000
1010111111111011000100
0000110110000100010000
0101101011000110010000
0010101000010011111010
1001001010100111111010
1000111101110000010110
1111000001110101011000
0001110111110110000110
1000100110110110000110
0111100001111100001100
0000000001111111010110
0011010101001110100000
1010100000001000110000
0010000100010111000000
0001001101001011010100
1111110101111011110010
1010110101000101010110
0010010100001011110100
1010101010010001101110
0001001101001011001000
1000100100011100010010
1111000110111001011010
0110111101101001001110
0010100000000011001110
1111111111100001001010
1001000001000010000010
0010000011110110101010
0010111010101011010110
0000110111001110110100
0101000010110001011000
1101001110110011101000
1101110101010111000000
0000001111110001100100
1001111011000100001110
1110011010101101001000
1011101110011101011000
0101110000111111100000
1110000010111111110000
1110100111011110111000
0110000010110011100010
0101100011000011110010
1100011111010011000000
0011110010110010011000
1001000011101001100100
0110110100010110101100
0100001010100100100010
1101111100011110101010
0111010101001100111010
0101010001011001001000
0110111000011110110110
0011100101100010111110
1100000111010100001010
1111010000010001010010
0101011010000101011100
0100110101110001100110
0111011010001010111110
1111111110011011100100
0001100100111100111000
1011110110111011110000
1010001001101100001000
0011011101010100000100
1001011111001101100110
0011101011011000101100
0101110111011101011000
0010011011010011110110
1111001000000000111010
1000011111011101001110
1101111111000010001000
1001010100010001001000
1101000001101110100000
1000001101111100110000
0011010011110001101010
0110100101111110000100
0011100101000110000100
1101101010111011100010
1100000100010101000000
0101001011000000110110
0011011111011011101000
0011100001010011010010
1011001111010110111000
0010111101110000110010
0101111110001111110010
0000000010001011001100
0000010001000101110010
1001101110001101011100
1011001001000111001010
0011001111111000101100
0011000000010010001010
0111000111111001000110
1010110111101000100100
1110010010001000100010
1000100000010011000110
0010000010011001001100
0110010001000101100100
1100011001101101000000
1111010111010110010110
0101010010110100101000
0010011011010101111010
1111010000000000101010
1111010010010001000110
0101000100101111110000
1011111001010100110110
1110010011010111011010
0000000000001100010000
0001100100111011000010
0110111100100101011010
1111001000000100111010
1001010000110011001100
1111110011001100011110
0111000010000101001110
0101000110101011010010
1001011001000001100010
0100010010101101010100
0011010010001111010010
1010100001100101010100
0110100001110000101010
1001100101111110011100
1101010010101000110010
1110010101101000011010
0100011101110010000110
1000001100010101010110
1011010100111001000110
0010100101000101000100
1101011011100000000100
1110000101101101111110
0010001010001010100100
0001100101111101010010
0010010010000111011100
0110100100101110111000
0100111001001010010000
1010000100111011000010
0100101011001000001110
0001011001010111001010
0110011101100111100000
1100011100100100000110
1011000001100011101010
0101111110111001010010
0000000110000101011110
1101010011100111101010
1010010010101110101100
1000000010100110111110
0010001001101010010100
1011101011100110011010
1010001000101010011110
0110101000011100111000
1011011101011101010100
1011011010011110010110
1011111001110010010010
1110010101111000001110
1110110111111111011100
0100100101101000000000
1011111110000101111000
0100011011111001010100
0001000110011001100010
0011000110011100110100
1100000110101010110000
1010000001101001101000
1000000011101101000110
1101111011111100101000
1000111011011111101000
1011110001101100000100
0001010000000110110110
1010100100001001101000
0111011010100100010110
0110001110000001111000
0010000110010001010100
0010001000001000100000
0011010011001111011110
0110110111111001110000
0011110011011101111110
1110010110010011100100
0011010101100101001110
1010110011100000100010
1101101001101000000010
1110111010010000110100
1000101101011000101100
0110100011110110100000
0010001010100011100000
0100101010101001011000
1110100110011111001100
0111100010111100101010
0011001100001101100110
0100101111001001010110
1000011111010001000100
1010111010100000000110
0000111011101100011000
1100000101001010110100
1101110000011000001110
0110101110111110101000
1011000010100000100010
1000100001101111100110
0110010010100100100110
0001001111111111100110
0011110000111110101000
1111111010111000101110
1011011001100000000010
1000110001100110000000
0100111010100010011100
1000010110111101000100
1011010001110011100100
0101111101110111011010
1011100101100100010110
1000000010010010100000
1000111101111000101000
0011110110011011100110
0011110001011010011100
1000100101001000110100
0000011011101011000110
0101111011111110101010
1111101110000110111110
1101001110001000110110
0001110100001100010100
1001011110100110100000
1000010100111010101000
0101110101011010010110
1100001101010101111000
0110001010010101010110
1001010110110100011000
1011100010111001001010
1001010001101110100100
1110011101101010101010
1100100101100000111110
0010110111101100000000
0010000110000010011100
1011000100101011101010
1011111110110101100100
0100100100101101010000
0011111011010000001100
1100000001010101111010
0001000111110110101000
0101100111101110011110
1101011010010101101010
1100010110010011101110
0110001011101111000100
0000101011100001010010
0111011111101010100010
1010110110000000110010
1100111010111101101100
1011111001101101011010
0110010000001101101110
1100011011111100000110
0100101011100110110010
0011010000110000111000
1011010011111101010000
1110001010010010111100
1111111000110000111100
1001101000110001100110
0000010010001011101010
1000010101111001011000
1011111001100011111100
1100110111001101111000
1110010111101101111000
0111001010101101000110
1110000000111000111110
1010110101111001101110
1100111001011100011000
0110011111110000010000
0100010111111010111100
1100100100011100011100
1110001111000011000110
1110001011101011110010
0100100111101011000010
1001101111111110001100
0011110100110111010100
0000110100100110001000
1110000110100110100100
1011000101111011111100
0000000101011101110010
1001000000010010101010
0111111100001100000010
1001010010101010000010
0100000111100111100000
1000000111010100011100
0011101011000110101110
1100011011010000011010
0000011101111111110010
0000111011101010101010
1010110100001101000110
1110110010010100110010
0100111011001001110110
0010000101010010011100
1100111101100111110010
0000010111100111111100
1011000001000110010100
1110010001010101110010
1000110010100001101010
0110110011110100001010
0110111101100001011110
0101101001100001101000
0001001000000101010100
1000111010001001001010
0110011010001101001000
0011101100010100000110
0001111100101100100110
1011100111001100111000
0110001001011000111000
1011001100110110111100
1111001110001100111000
0001001000100001101000
1100101110010000101000
1010011110110001010100
1110010111111010110110
0010100101110000010100
0110010110111001000010
1100100000001101011000
1001100100101010010000
0010111011100001010000
1000001011111101110110
1100110101100010010010
1010100011111010110010
0000011111011011110110
1001000010100111011110
1100110100001110001100
1101010011110011110000
0101001011000111001110
0000011100100001011010
0101100111010000011100
1100101100101101010000
0000110011010000110100
1111011111100111100010
1001001001100001110000
0001100111011001100110
1010010001000011111100
1001100010111011100110
0000101111001011001100
0111010000001110100110
0001111000101101101000
0011011000010011110110
1111101011000011011010
0001100000110110001110
1001110001000101001110
1100001000101011100010
0011110100111101001100
1000001001010111001010
0101111111110001011000
0001010100101001011100
0100011001010110001010
1100100001100101100110
0010001010011110000110
1101100111001101100100
0011110000100000011110
0011011101011101000010
1011001100001011000110
0001110100100111110100
0110010000110110110110
0011110000000111110100
0101110011001001111000
0011101001111111001000
0000001011101111100010
0100110000000100001100
0011011100000111001110
1001011000111011001000
0110001000110101111000
1101011111001100000010
0110111101011110000100
1011010010111001100100
0001001001010111010000
0000100000100100101100
0100111110101100010100
0110011110110100100000
0100101111001100011000
1000100011011100110110
1101000110111000011010
1001101101101000101000
1101101000011110000010
0100110010110010011110
0101000101000110011100
0000111101000100001100
0011011110111111110100
0110101110111110001100
1100011110101110001100
0011110001001111100010
1001011111000110100100
0000000110001001101110
0000110000000101111100
1110010110001101001100
0001111011011111110000
0011001100111011011110
1101110111000000011100
0111000000010000011110
0000010100100000000010
1100011111111010101110
1110100111001000100010
0111101110010011010100
1000001100000010011010
0101001101100000101100
1110110011010000011110
1010011000001111111110
0101100011000000111100
0001011011001010011100
0111101101011011010010
1110000010010010001010
0110011100011101110110
0001001110010100100100
0100101101001010011000
0010011001001111001010
1011111101101000111100
1000011011011111110010
0000001111011101111000
1000010011001111011100
1001110001100100111110
0001111100100010010000
1100100000101111010100
0011001111110101001100
0000011100000101111100
0100101111000011010000
1011110110000110110110
0000011110011000101110
1011010000001111101000
1111100110110100110100
0110011101111001000010
1110101101100010100110
1100101111110111011000
1101010101000111111010
0101110111110100000110
1110001111111000110100
1110011101000000001000
0110010001010001110010
0111100101001100000010
0110101111100011111100
1100011001101010011110
0101001111000011111000
1001101101010110001110
0000100010111000110110
1111110001100111101110
1101110101001111011010
0010101101000101000010
1101010011100100111010
1111101001010111011100
1011001010000010000100
1101001000011100101100
0001010001001100110100
1110101010101100001110
0001110101110000001100
1000100001001100000000
1111110111101110110000
1011111101001011110000
0011100110010110011110
1001101011011000111100
0101100000110010011100
0011011110100100111110
1011111011011100101000
1111001111110011111100
1001011110110100110100
0101101011110111100000
0100111111110110000110
0101010011110101101000
1100100101011101110010
0110001011100010110110
1101011000010001100000
0110000111110101010110
1111101110100001000110
0110011110101100001010
1011101001011010010000
0101011010010000101110
1111000111010000000110
0001011001000110000110
1001101010010110010000
0010000111110101011000
0100001101011001000000
1010010000110100100110
1000111101100100100100
0100000100101001111110
0110110001000101101000
0111010100000100101100
0100101110110100111110
1011011011111000011010
0011010101001011000110
0010110010101111000010
1001111101101100011010
1100100101111100000000
0110001010011011100100
1001101101110110011010
1001110000100111111010
1100001101110111001110
1011110100000110110010
0101010000001000000000
0000001000100110001110
1001101100000011001100
0100101011110101110010
0111101110100110000110
1111001100111000110010
1010011101000011100010
0010010101000110111010
1011001010110011000100
0011011110110110001010
0011010100010100101100
0001010110010000101010
1000101100111010001110
1011010000011011000010
1001100000011101110100
1111000001010100010000
1101110111000101011000
1001110101100010111110
1010100010110111010000
1011100111011111101110
0100000101101101110100
0101100100011010100100
1001110110110111100100
0000011000010110010000
0111110000101001010000
0000011010101110000100
0000001110111100001000
0101110100110000111110
1111111011011000010000
1101101110010100001110
1001111101010010001000
0000101111001010111000
1111000010001001100000
1001000111010101101000
0101000001010011110110
0001100101111111001000
0010101001100100111000
0111100110100100101110
0001111111110101010000
0111111101110110111010
1100110010000111111000
1110011011011101110100
0110011001100110010010
1011001111010011111100
1000000111100001100110
1100111010010000000100
1111010110001110100110
0101101111111011000000
0000000101010101010100
0000000010001001000110
0010111101101110001010
1111011001000110101100
0010100110010100110110
0101100111101100101110
0000010010111001110010
1001110001100101000110
1011101011001101010100
0111011000101100010010
0001000011100000010100
1001110000011100001010
0110010110011001011100
1010111100111111001100
1001101001111100000010
0001011100011010000010
1010100011110010101110
1101100101010010100000
1000101110010111010000
0001101011010101000110
1010110010000001001010
0011010001011011000010
1000011001101011100100
0110111010011111100100
1110111100011101101000
1111100100101001100100
1001101010011000100010
0010011000100110001000
1000000110111000101100
0010011101101100000100
0011001100110001000010
0011010100101100010000
1111000110010001111010
1101110110110011110010
0010001001101111110000
1111100101011101100110
1010000010001110110010
1111000000110110001000
1101011110010101010110
1011001010100110110100
0100101111111010110100
1001011110101001000010
1101100011110011110100
1010100100001111001000
0111100111011000010000
0010001010001001101100
1111100001111111010000
0100010100111011011010
0101110110001010011010
0011100011000011110000
0101100001110101101110
1111100001000111100010
1011101101010000100100
1011010111010010000110
1111011101100010001110
1010110010000111010000
1111110001100011011010
1001001011000101010000
1011011010111111101110
1111100001010010010010
0101100010010010001100
0001101110110101111000
1011001000011101111000
1101110011110010010000
0111000101001010001000
1001101011101110111000
1011111011011001011010
0011000100101001001110
1001010000111001011110
1001010100000010110000
0111101110111101100110
1011101001101011111000
0011111001010011111110
1101100011011101001000
1011110111111010111000
0110000111001001101000
1101101010011000011100
0111110110001000101100
1101011101100011111100
0101001110100000111110
1011111001100101100000
0010101111011011010000
1000110010110010001000
0110100110000000101000
0010100110110111000100
1110001001000001100000
1101100110100101000100
0100011001001100110010
0010111100111110100010
0110111110111100010100
1110110000111100100110
0000101100001000110110
1110111000111111101110
0001010101001111100000
1110110101111101000110
0100101111011001110010
1110011110110011010100
0110100001010101101100
1100110100001001101000
1010010110100010001100
0000100010010110000100
0011010000010010000100
1001101101001100110100
1011000000111001111100
0000111110010111000110
0101000111111010110100
0101001111111100110010
0100000101011110100010
1111111000010111011000
1111111111010000011100
1011100000111010100010
1100000111011001101010
1000001010001100110000
1100001101100000011110
1011000101010110100010
0111011100100101111010
1001000100111111110010
1000000011001111011010
0001100011100111000010
1101001101011100111000
1000101111010101001010
1101000110011110010010
1000000000010111110010
1000111100111101110110
1100001111011010110100
0000001110101000101000
0011011000100001100100
1011100010001110001000
0000001110000110010100
1101111011001001000110
1011110101110111011110
0001001110111110000000
1011001110101000111000
0100111111010110110100
1011000101010101010010
0011111011101110001100
0111011100010101111010
1110110101010110010110
0010011110010001001100
0110010011101000110100
0101000000101111100000
0011000101110110001010
1110101011000001010000
0000011111000000100000
0111000010011110100000
1110000111001101011000
1100010101101100010100
1100111110110100100110
1001101001001001101100
1100000101010011011100
0010101010010100001010
0101100010100011111000
1011001001100100111110
1111110110011111001110
0010100001010111011000
1101100100101101000110
1000110000101010111110
0000010001010011011000
1000110011110011001100
1100011110010111001100
0011001000011110101110
0111101111011011010010
1011101111111000100010
0010001100011010101010
0011111100000011000000
1111100000100001011100
0010100100001001101110
0010110101111010111000
1111111101001011101110
1111011111000100000110
0001101001110000111010
1111000101100000101100
0110000011101100000010
0000011001011101111100
0100101100001011101010
0010001001011100011000
0011010011100001110110
0011000011010100011110
1010001100101111110100
0001011011101100100100
1100101110010110101110
0000011101000000110110
1111001000111101000110
1000000010110010000000
0101110100101010100100
0010101001100001101010
0011101000110111111100
0001001111101010101010
0101011111101100001100
1011111001101010011110
1010011110101011100000
1100100111000011101000
1011110000111110011110
0111111111111101111000
0110101011101000000110
0110100011000000010110
0111111000010010000010
0000101100010011111110
1100101000010000001010
0101111101010100001110
0100110111101000111010
0100001010100111110110
0010010101101011101100
0000101001111011101100
1100110110110000000000
0011010011001010110010
1001101001111000000100
0101000110011101101000
1100011110010111011010
0101001100010101111000
0100111011000011000110
1001100110000000110100
1001001100101100011100
1000000000101110011010
1000111111001010101110
1001110011000010101000
1100100001001101111010
0001011110011100001110
0001001010111101011110
0100011001101000001100
1100001010110011010010
1110101111111001011000
0000100001001100101010
0101010100010011010100
0110101000011010001000
1110101101111010111110
1011000100100001111100
0010111100000000100000
0110110110101110110000
1011001000010000000000
0101011010001111011000
1010101000101010100100
0001000110111100001010
0010111110111110000110
1011010111001010111100
0100101100110111110010
0000011110010101000000
1100011000100101101110
1110111111110010010010
0111101010001000101010
0110000011000000101000
1111010101100111010100
1010010101101110011010
1111111000110110000010
1000110100011011111000
0110100100101000010000
1110111011010111001000
0110011011110010011010
1110000101100011000000
1001111110110100001110
1011010001000101111100
0111001011111010110000
0011010110100101011100
1001110010100011100110
1011110010001110110100
0101100001000010010100
0011000101011010001110
1010100110100110101010
1000110100101001000100
1010110001010011100110
0100000100000010100110
0101101100111001111100
0100111010101000011010
0101011000110110011000
0010100010100010110100
0000010100010100010110
1111010000101001101110
1110011000100011110100
0001011000011000101000
0100100101000101001000
1110111100100010100000
0110011000110000110100
0011010110001000010110
1011000000001000010110
1101011101000100001100
0100001001110010101000
1011010111100100100000
0111111101011111100000
0110111100001001110010
0000001110110110111010
0101100111101111101000
1111011001001101000010
0001000101010100101100
1111011101111111100110
0011101110001101110010
0000101001111010111100
0011010011111111000010
0011100000011111000100
0101010001100011010100
1001100010100101001010
1010101001100011000110
0110001000000010011010
0100110001111000101100
1111000101001111101110
1101011101100001100100
0001001100101111000100
0010110001101011011010
1000101110100010000010
0010110000101100100110
1111110001111100001100
1111100100000100010000
0100011000101011111000
0000111101110111101000
0100000110101110101010
1010101100011011010010
1011000000101110000110
1011101011100011000000
0001101101011100010000
0110101110100110101100
0100111100111101000110
1001011011111011101110
0010000111010011000110
0100111000010110011110
1010100000111010111010
0000101010100011100110
1000011010011010110110
0011011000101100100000
1101111111011111111010
1110011000000001111110
1000001110011010010100
0011101100011010001110
0111111100100011101000
1101100111000000000110
1010110100000110011100
1111110011110000010110
1001000011100011111010
0101110010010011000000
0000110110010000101110
0011111010111101011010
1011111110111110010100
0111010011110100100100
0010010000010110100000
0001100011111001110010
0000101111110110111000
1100000011100000000000
0011011001111000011010
1101010110110100100000
0000100010011011001010
1010001101101001100000
1111101000111101000000
0100010010111110100000
0101110111010111011110
1110110100000011101100
0110000101000010100010
1000001001001101001010
1001000110001101010110
1101011000111100011110
1101101010010011110110
1001001011100100101100
1011100010001011110000
1100001100100011110000
1100010010111001001000
1110001000110111001110
1000000100001000011100
0110010100010110000000
0110001111010011010100
0100111011001010110110
1000110010100001011100
0010111001000100101000
0010000010000001001110
0000111000111010001010
1010011000011100101000
1001111111111011111100
0101100000011000010000
1100000111110100010000
0000101110010110011000
0111101000010110010000
0001001100000011100000
1100111110000110000100
1010011011110110000100
0100001010100010101100
1000110001110011011010
0110111011001100101100
1000111000111101001000
0011110110101110110110
0010101000001001000110
0111110101101110101000
0011100100101110010000
0010111110100011111110
0001110011111011000100
0011110110100110000110
1110101000001000001000
1110010100100010111110
0100001110010111010010
0111010011110000001110
0001111101111011110110
1001100010011101111100
0111100011011100001100
1101001110010100110000
1101100110011011101100
0010010110110010100110
0100000011101011100100
1100010010110010010110
1010001000011001101010
0010110100010000111000
0101000100110100101000
1011110100110111001010
1110110111100001000100
1111110111010011101100
1011110111101010010010
1010000100100110010110
0001101011010001101000
0111110010000100001000
1000110000000010100110
0001010011111111010000
1110111111000000100010
1011001110000001111010
1000100100110011100100
0011011001101010100000
1111100001011000010100
1111011100101011000000
1000011011110110111010
1100101011011110100010
0000101010000011111110
1110011011010110001100
1000000111110001111100
1000110100111110001010
1111011101110000101110
0001110010000110010010
1111100000000001000100
1001100000011111001110
0111111010000100111010
0111111101101111010000
1001011000100110001010
1110101011100110111100
1110100010101110011000
1101001011110101111110
0001010011011001100100
0000011111101011001000
1100100011101010001000
1111101000111100001000
1001011101010010100110
0101110101010100100000
0100101000010100001100
1110100111101010011100
0010110010011111110000
1000001000110100110010
0110000110101111110100
1000010000010001011100
0011101010011011011110
0001101011101011100010
1001001110111000110100
1111010110000101011010
1110010010010101001110
1100101101111110101100
1100000100100101010010
0000010000001010011010
0100100001011001110010
0110100000001010001110
0100000000100011110010
1110010011000110011110
1101001110001001111000
0101010100111011111000
0100011010100110110000
0001101110111110011000
0100001010010011110000
0100100000001111110000
0011010111101000011010
1111100000010110001110
1111101011011100100100
0110011011000101100100
0100011001110111110110
0010010001110111001000
0010101010010110000000
1101101111011011101110
0010110101110111110100
1101101010011010001000
1001010111100101111010
0011110010110101101100
1101100101010110000100
0110101010100101110000
0011010011111010101010
1100001010011000100000
1110100100111001010110
0011101101100101111110
1110000010110100110010
1111110100101110101100
0100110101110011000110
0011000110110010110010
1110100111110101100000
1100010111001011010000
1011101001101010110000
0001011001111010011110
1001010111100101001100
1111001111001011111100
0100011101000001000100
0111011001011011000110
0110101110001010100000
0011000101011101010110
0010100110100100110100
1010001101000110011100
0101001111110101101110
1011000111101101111100
0001100101101000010010
1000010111111110100010
0001100011100001100000
1010000000011011101000
0000100101100001001100
1100011000110111001010
0011001100111100111110
0010100110100001110010
1010001111110011101100
1110001000010101101010
1011010100000000011000
1001111110101101000100
0110000011101011011000
0100001011101110111000
1111100010111001111110
1000100001011101010110
1000011110011111010000
1011010011101010001110
0001011110010000110000
0111000010101100111100
0111111100110110001110
0100110010000010000000
1100011001010110011010
0001010010110110110010
1111101111000110010100
1101001100000000010000
0110001101101000110100
1110011000111000010100
0111111110111010000100
1011000001011000000110
0101110010101111100000
1101110000011111010000
1111111100101000011000
1001100010101111011100
1011001010111100100100
1100010100000111110100
0110010111010100010100
1000111110011011110010
0000101011001101011100
0000001000100010000100
1011000110100111101100
0110010000011111111100
0001111100110110111010
1101011100100100101000
0100011110100111000110
1000011110000010101000
1000001111000111000010
0000110100101000001010
1110011001111100101110
1100010110011111101110
1011000111100110111010
0000100100101000111010
1000110010110000010100
0111101010001100011000
0000011100100101010000
1001111010000011011100
1101001000010000101110
0001001111111110011110
1110011111001000000100
0100010100001111001100
0001000101010111100000
0011100000001101000000
1001000101000010101110
0110000011100001101000
1010011000101110110010
0101001110101001100110
0011110111000111100100
1100111010100110011010
0100110011000100000010
1110111101110110011010
0100110000111011010100
1101101000111000000010
1110000011001001111010
1110001011111100011110
1000100110001111110110
0010111000010111010000
0001001110000001000010
1011111100001010001100
1110101000001101011110
1001000110111001101100
1110111100100101010110
1101100000100010100000
0010100001100111100010
1011111111111100101100
0001111001001100101010
0101111101000011011010
1001101001110011111110
0010101001111011011001
1110000111101011011101
0111100101100100001111
1011100111000100000001
1010110010001100101111
0011011110001110001001
0110011101100111001101
0010110010011101111101
1000101010010101101011
0101100011001011111001
0100000011001001011111
0101000111001011000011
1010001001111110010001
1000111101110110101011
1111110110000101011111
0100111100110110001011
1010111011111111011101
1001000110011110011001
0110011111000101100111
1000000001100100111011
1110101001111101111111
1010000011010001011011
1011011000000100101101
0110010101001110101101
1111110010100101110011
1010010111000111000101
0110001010011110110111
1111110011001010000011
1110100010010011001101
0111101110000100010111
0111001011011100101001
0000001010000000001001
1011001101011110111001
0001001000110101010111
1100101100111100100101
1101010111111000001111
0110101100111011100011
0010101011010001100011
0000111000011100000101
1011011100110000111001
1000101111010111000001
1010000111010101001011
0010000101101101100011
0011010111101100101101
0011011100100100001001
1011000011000101011011
1000011111000101101011
1111110010110110111001
1001000011010100001111
0010011011110110100001
0000110000001011001011
0000110010000110010001
0110110000010001111001
0011011011111001000001
0100001011001110000111
0000010110000100110111
1110011101100010101001
0001011000110010100011
0100101000011011101011
1111111000101101100101
1100001011110010100011
1100011010111010110011
0000010000010101101001
1101001101101101000101
0111100010101000011001
0011000000101110011111
0011101110010100000111
0111111110010111010111
0011011011110001111111
0100110001000001101011
0011001010100111001111
0001101001011001010011
1111010110011011100111
1110110010110100000111
0001100100101100010101
0110000001001110010101
1110100000110001011101
0100110110001000101011
1001000111110110100011
1000011001000011010111
1100000000000100001001
0010110101101111100011
1110011101011110001001
1011001001010001001001
0101001000101000000101
0010010111101000011011
1001111011100000000011
1011100001010010110101
0101001110101011010011
1101101101011000010001
1000001111010001011001
0111110101110101010111
1011101100000101011101
0100000101001011001001
1111111111101101100111
1000110001100001000111
0000110100101101101111
0111001110111001000001
1011100011011111001011
0101000010010110110001
1001110110001001100011
1110101111011010100001
0100000111001100101111
0010111000101000010101
0000011011010100001001
0001001011010111110001
1001011011001110100111
0100100000100100110101
1100110100111001011111
1010111100111001011111
0011110001000110100011
0010110110001011111011
1000001001011101110111
1111011101101101110001
1000000000101000011101
0011010111111100100111
1010011101001110100101
0011101111100011000011
0001010100010001110011
1001100100011011110111
0110100011101011000011
0101001010110010011011
1010000010100110101011
1010110000010100110001
0101010100110111101101
1110101000010101111101
0001101100100110100101
1011000011100110111011
1001011110100001111111
0001000000100110000001
0101000011111111100001
0010100100100010001011
1000011111010010001111
0001010010001000101101
0000010111110001110011
1110010010001001111101
0011110110010111001101
1100011001111001000001
0010110101011100000111
0110000101101010101111
1011011011011000011101
1111101101111101001011
0000111011000110101101
1011110100110011010001
0111101010010011111101
1000011011100110001111
1101111101000101011011
0001100101000011010101
1011100001000011001011
1100100111110100011101
0001100100101001100011
0010111000001101001001
1001100100111100101111
1001011011100101000101
1111110111101000000101
0110100101101000111011
1000001110110111101101
1010110110000000100111
0110011111100000011111
1101000010100101001011
0001001101101110000101
1110000101100110110011
1100001111110010111011
0101011110011101100111
0111000010001010101111
0101001101000011001101
0101111010101110101111
1001101110001110101101
0001010100111000001111
1111010100111010101001
0000100001100001000001
0001111111010110001111
1110010110001111110001
1011010000110111000111
1011111110111011110101
1001011110101111101011
1101010000101010111001
1101010000001111100001
0001001111011011101001
1011010111100111111001
0011100011111001111111
0101000111111100110101
1101000100111100010011
1101110101011011001111
0100110111110110010001
1001100001111001011101
1001101101001000100101
0000001101100101111101
1111000100000000101111
0001100111100001111101
1011111110010001000001
0011010101101100100001
1100100110010110111111
1100010100001010000001
1010110100100100100101
0100010110110010000111
0111110100011000011101
1101101001010100100001
1111101000110001010001
1110101111000000000011
1110110100000000100001
1000100000100111011011
1101010101101101101111
0110111011000010011101
0101010001011111110101
0000110001011100010011
0000110100010000011001
1010111101010111010111
1011100000100000110111
0101100100001110001101
0100001001100001010111
0111101000011001110001
0000111100101100010111
0000011010001010000011
0010001100001001100011
0111010100010011001011
1111101101111111010111
0100110010010000001001
1000110111011010001001
0110111111000111010011
1100111001110011000011
1010100110111101011101
0001000010111101111111
0000111001101100101111
1110000100110100101001
1100111110011111110111
0000001110100000101001
0001101100101010011111
1101001110100010110011
1111100011110111000101
1001110001001010101011
0110101100000010100111
1100001100000000100101
1011100001101111101011
1110110101101101100111
1110000010001111010011
0010001011111011010011
0111111010010011101001
1111010011100110001101
1101010011011101101011
1111011100000111101111
0011011001110010001101
1100110101011001101101
0111111001001010010111
0100011010011010110101
1010000011011111010001
1111110000101000100001
0101100101000100100011
1110000110110001101001
1110101001101011101101
0110101110011111011011
0110111100000000011111
0010001000001111100101
1101011100001100111001
1111011010000110010011
1101000101111001110101
1100101010010101000111
0001110110011000101101
1100000100000110111111
1100001001010110111111
1001111000011100100101
0101010001110011010101
1010101001011001001011
0110010010001110000101
0111000111110101011001
1010010101000110111101
1011100000001010001101
0110010101001010110001
1000010011000100110101
1001101110011101101001
0010001010000010010001
1000000110101101011011
1010010111111111100111
1110111010101000000101
0000111000000110101111
1101101110001110111111
0011100000010010111101
0001111001010111100111
1100110000100010001101
1001110001110001001101
0100101100100111101011
1110100111011000100111
1110000110101100001011
1001000010001000101111
0101110010100011100001
1100111010001100111001
1011110000000001001011
1111001111110110010001
1110001111010000111001
0000011000110111111011
0011000110010101111111
0011011111111100001011
1010111011010011001001
1001000101100001101111
1000001110110001110111
1010111101110100010001
1000010110100000000101
1010010110010010111011
1111001001011000111111
1100000101111001011011
0101111001100011010001
0011000100000111100111
0011000001100100001011
0001100010110101100111
0101011111001001111001
1010001110011011011011
0001111010010110000101
0110101110011110101111
1010001100011101010001
1101001111110110100101
1101111001000100111101
0010000011000100101111
0000001010000110000101
1100111001100000111001
1110011001011101101001
0001011010100111100001
1110101100000111011111
0100101111101101011011
0100010000010010000101
0000101110100110000001
0111000111001101110001
1000000101011010101101
0110000010110000110101
1111110111110010100011
0100110111111111010101
0001000000111000010001
0110110010111100111001
1011111010010011011011
0010001011110000111101
0101100011111010011001
1101000000000001010111
0110011110010000011001
0100011110100011101001
0100111110011000011101
0111111010010000101101
1010100011011100110001
1011010001100011101011
1101100010010011111011
1000010000110010011011
1000100001010000111001
0110000110000011100001
1011101011111111100001
0000010010101101101011
0000101011100000110111
1101110010101011110111
0100010001111001110011
1100110000000111010101
0010101001010101101111
1001000011000100111101
1010010111010001101111
0100011110110010111101
0011100110011110000011
0110111110111101110011
1111001100011011110101
1010011011010110001101
1101111010011001000001
1100010000101011100011
0001111111100011111101
0101000010010000010101
1111100110001011110001
0001001111000000010001
1011001011001010100111
1110001101110001010101
1100001111000000111011
0010011010101010111111
1110011001000001101011
0100010000000010011101
0010010110010110111111
1100110001010011001011
0110101011101101001101
0101000001010101000111
0001010001101001000111
1000000100110011100101
0111000001011001111101
1110111000101100001111
0111110010001110001001
0010010100110011111111
0100111011110011101011
0111110000001001001101
0101011011110001001001
1010110101110110001111
1000101001110110000001
0000000101000101011101
0110101100111111101001
1010001010011110100011
0110100000101111010001
0010100100000100000111
0101111001011001001001
0001110101010000101011
1011001011000010000001
1111000000100000110111
0110111010101101110001
0011100100011100001101
0101111000011101001111
1111110010000001110001
1010101000011101000101
0001101011110011001011
0100010010001100010011
0010000111100010101001
1011111001111101111001
0111110000100010110011
0100001101100011010011
1100001000100001111011
0011010000011011101111
0001010010101110001011
0000000001011010011101
1100011011111011111101
0100111101100110000011
1011101010111010111111
1010101010011100001111
0010101011100111000111
0101000001000001000101
0000100000010000110111
1111001100011101000111
0111101001100111100001
0100110111101100010111
0110101110010111101011
0000011010000101001111
0001001000011011101111
0000101100000011100001
1110010011110101000001
0001001001101111110011
0001000111110010110011
0111000100111101100011
0001001010010100111111
0101001011111101010001
1111001001101100010111
0011111000001111110101
1010100111100010010001
1100101011001001010011
1010101010011110010111
1110101101101111011111
0010101100111000110001
0101001001110100110011
1110111111100011111111
1000001000111110110001
0101011100110101011011
1111101000101001001011
1000000111110101110001
1001100001110110110001
0100001011011000111011
1111100111111110100001
1111111000110010010011
1011110101010011100101
1110011100010101010101
1001110000000101010111
0010101001100000011001
1101100010010100011111
0111101010101110010001
0100010111101100011011
0111111111111110010011
0110110011100110100011
0000110011111001011011
1000100000110111101001
1001001101101010111111
0111100111110100111101
1001001011110000011101
0111011111101011001111
0000001011101101101001
1000010110111011110111
0001110101111010011011
1100100111001101101101
1011011101101001000001
0010001110000001110101
1110001000001101111111
0010100011011011100101
0111100010101110011011
0111001111111111000101
0010000001101011000011
0000010100000011001011
1111110100001001100011
0101110010011000101001
0010001010010000111111
1110010001010111101101
1001000101110001101101
1101011011010110101101
0001001001110011011111
1110101100111000101001
0101111110100000001011
1101010101011001111111
1110010011011011010011
0011101011010101000101
0001100010110111111011
1110000101110101010001
0001010110110101001111
0010001010101101010001
0101010011010101010011
1000100101000000001001
1011001011011011100111
0101100101100100001011
1000000011111010110101
0111011000101110100101
0101011111100101001011
1000000110011100011101
1011101110111100001101
1001010001000111010101
1110010000100110000011
0101011111011001011101
0000110000111101010011
1111010101101001010001
1000000001000001100111
1010111100110110011111
0101110010011010001111
0000010001101110110101
0111000101110000011011
1010000110010010001001
1111000010100110100101
0001000101000100111101
1011000010110100110001
1011010111100011010101
1000110000001011000101
1001011001111110001101
1101111010000111010011
0111110101111111100011
1000011111101001010111
0110011110011010101001
1011110000001100001111
1011110010101111111001
0011110111001001111001
0100001000010010011011
1010100110101011101111
1000111111011001100101
0100000010100000010011
1010111111111100100111
0110011110001000011011
0011001101000111101101
0000110100111000110001
0011101100010001100001
0100110010110110000011
1111011111011010010001
0101000110110011010101
0000010010111110100111
0101111000001110111111
0001010110011001110101
1111000111011011010001
1011001111110011100101
1101011101000110010111
1101101000110111111001
0010111100001110110001
0101101111000001100011
0001000000011111010101
0011010101110000000001
1001010111100010101001
1010100010100000100001
1110011100111110111001
0000110000000101010101
1110010100001101000001
1001011100001111111001
0101001001111001110101
0101110111001110110111
0000011011001111010111
1110110110011000001111
1011011010011111100111
0110111110011001001011
0110000110001111110111
1101111000101110111101
1110001011100011110101
1110011110111111011011
1000110001101100001011
1110110010110001001011
0010100010001010100101
1101010101111110001001
1101111100010111011101
0110100101010101101101
0000100111101000111001
1111100100100000011101
0000111110111001100101
0011100101001010011111
0000010010110001010011
0000010100000011000001
0111001101010110010111
0011101111110000110111
1100110100000010111011
1100101000001100010111
1011100100001000010001
1000000001011100001011
0111000010110001101011
1101111101010100001101
1110001100001000011001
0110100101011011000011
0001100101111101011001
0110010000110101111101
1100101010111111100101
1101101001101010111011
1111001101100110110011
0011110011001010001011
0010100111000011000111
0101101100111110110111
1111010011111001110111
1101110101101001111001
1100000111010011101011
0000100101010110100111
1110100100111111000101
0000000110001110000101
1100110101111100111001
0110101100100010001011
1010111100110011110111
0101001110010011010111
1001101001011011111101
1100000011111101001101
1011111010101101111111
1011100101011110001001
0101111101101001110111
1111001111001100011101
0000111111100100010011
0010110011000110010101
0010000000101110011001
1111010100110011011101
1101100101010011101001
0011111011110100110001
1100100000011011011011
0010011110011100011101
1001100110100010001111
0010011000010011010011
0000000101100101110111
1000011000101110000111
1111010100011011111101
0111101111000010100111
0000011001111101011101
1101110110010111000101
0010100011011010001011
1111011010011100011001
0111000001000101000011
1100100110110101010011
1000100010111011110001
0011010001111011000001
1101010110100111010111
1110111110110000010011
0110010101010000100011
0000010111100100001101
1100110111000001011101
1101100110000011100101
0101011100100010110001
1010111001000011011101
1110110111000110110011
1100011010011011011011
0110010010101001101101
0001100111111111101111
0111100000000101101011
0111111010011011101001
1000111101100000001001
0011111010001111101001
0010011000101111011001
1100110011111010110111
0010001101001100001011
0011011101011001011111
0101100100100000111101
1000110110101110110011
1101001110111011000011
1010001010100100011101
1110011111100010110111
0111110110011000000011
0001011110101111100011
0010100111101001111111
1010001010111100111011
1001000000011010011001
0100111100000001001101
1101000100011101010001
1101010011100100001101
1001010000111100000001
0100010100011001111011
0000101010001010100101
1111101100111011011101
1100001110111000001101
1111101000100000101011
0000100001000100011111
1100010000110001100001
0000101111111010100111
0011010101110110110011
0001001101001000100011
0000100001011100010101
1001111111001101111111
0010001000000010110001
1010011100101000010011
1111110001010111110001
0101111100111111001101
1110110100101011101011
1111101101000100011001
0010101011000010111101
1011110111000100111111
1100011111101100111011
1011011010111110101011
1010010100001111011011
1011011100011000000111
0101100100111000010111
0010101100011010100101
1001110111001101111011
0000101001110011110101
1110001011011101110101
0110110001111100110001
0101011111101010111011
1011000101010000010111
0111000101000011100111
0010010011001101100101
0100010001001001000011
1101101110000000111111
0100000111100001000101
1011111101010111110011
0001011101111100001011
0111101001010110010011
1010010011011110000101
0010111010100101100101
1101011101100100100101
1101000010010001001001
0100010001110001100101
0001101111100001001111
0100011101101100110101
0100001000011000010011
1100000010101101011001
1011001000000010101001
0100100100001111000011
1100110101011110000111
1000001010010011001101
1110010010101001111111
0010011110111000001011
0001000111000100101001
0001111110101110100101
1101011001001000110001
0011111111000111010111
1001011011100101000111
1011110011100101011011
1011110001111000011111
1111110011100010100011
1011011110001001110111
0111100100001011011011
1001011011010010110001
1111000100100111001001
0110010100110100100001
1011010001110010011101
0100000110111011001111
1010011001001111000101
0011011001110100000001
0110000001100001110111
1001100010010010101101
1010000111001101010011
0011000010010111010001
0001101101111001111101
1000011101011110010111
0001011000111111010011
1100101110101011110101
0001111000000110011011
1010001000011110001111
1010111010100111001001
0101001001100111010011
0101000011111010100011
1010000000001001000111
1010111101010110010011
0110101000001011100111
1100101000011110001001
0000111011101000111101
0000100110111001000111
0110111001001111011011
1010111010111111000001
1000111100001010100001
0110110000001001011001
0011011001011110011011
0111110011111010011101
1101101110011001110001
0001011011110111011001
0101111101001011010111
1001100100011011000011
0010110101001100001111
1001100010001011010011
1001000010010100011101
0101000001101110110111
1111101111001110111111
1011101111001010010111
0100101100101100100111
0001011110000010011101
1001101111000100011111
0010011000111010100101
0110100000011101110011
1110011010000010101001
0000010100010010100001
1110111101111001010111
0000101011111000110001
0101011100010000101001
1110011001100011011111
1101100111000101011101
0010111100101000110011
1101101100110011111011
0100101101001010010001
1010110111001101101101
0011100110011010110101
1000111000100001010011
0111110101111011010001
1001010111001001000001
0111010001011111001101
1110011010000100000101
1101101101011100101111
0011111110111101010011
1001010001100010001001
1001001110101000000001
0111000010101001001111
1101000000110011100111
1011101010010001101011
1010111000011110101011
0011001001001100101011
0101111001100000100011
0110101010000100010001
0110011101110001111001
0000001110111111001001
1111111001011010010001
0100011010010000001111
1000010100011101010101
0011111111010111111001
1110101111001011000011
1100010010010000100011
0100111111110101010001
0010110100010111101011
0101000100001010101001
0001001111000101000011
1100001111010111001011
1011001010100100010111
1100000001111100101101
0010011010011011011101
1010100010000101000011
0111000101111000101001
0111111000010010100101
1001001010111101101111
1101100110100010100011
0100011110110011110001
1100000011101100100011
1100111001011111110111
0011100000011000011111
0101000000011100001111
1011101110111110100101
1000010110000011101101
1011011101000011001011
1100100011111101111011
0010010011101100110011
1000110111110000111011
0001110001011101101111
1010010001111110111111
0010000000101001001111
0010010111010001110101
1001011000111001000111
0111110101101111001101
1001100110111000010001
0110011100010001100111
0011010000011010110011
1000110010101110111011
1000010111010100000001
0110010000110100101111
0011101101011101111101
0110001110100111010011
1100101001110110111101
1100010100010101100001
1010001101001111000101
0001011101010101011001
1101101000101000000011
1110000111110101011111
0111111011001100100011
0101001010100101110101
0110111100010111001001
0111010001101101011011
0001100011010111101101
1110011001100000010101
0110000010000000010011
1111110000010101010001
0010101010100010101111
0010100011110100011111
1100111111011011000001
1010000001100111110101
1101010110000010110101
1000101111001101010011
1110001001100010001111
0011001010110001001011
0101010010011111010001
1011011100100011111101
1000100110111110000111
0101110110110000100101
1101000000000110001111
1001111011001001011001
1110111111001100010111
0000100010000111011011
0101100100010101100111
1110011000011111011111
0111101100110011001111
1010001101011011000111
1010111011101110101101
0101110001010000110111
1011001010100000111111
1100101010011010111111
1111111101010100000101
0010110001111010000011
0011101111010011000111
1101101101000111011111
0110001001111010010011
1011110100100010000011
0011111110000100111011
1011100101110000000111
0000000101010000000101
0011111111110100111011
0000100100000001110001
0010101011001001111011
1010011111000100010011
0101111010110010100111
0010100010100001011111
1111110110101011011011
0000001001101110110111
0001110011100100011011
1111011010001101100001
1010110101011001100011
1010010000100111010001
0101111011100000000101
0011010000100001000011
1011000101111101001011
1011110000011111010011
1010000010001010101011
1110001101010010000101
1010111011110110111111
1110000101011110001111
1011110011110010000011
1010111010101100100001
0000111010100101100111
0011101001110000100111
0011000011011011111101
1011101101110010011011
1100011111000010111001
1111011011101101000011
0101110111111000100001
1110110110110100111111
1001111011110101111101
1110100000010010110011
0001010001000011111011
0000101000011110111011
1011010010001110010101
0011110001110011000001
1001110100100010101101
0101011000100001010101
1000110000101110011111
1100010101000111100011
0101011101110000010001
0111101100101100001111
0101010110100101000001
0010011000100100110101
0101010100101111101101
0010000001110111100111
0010011101011101001111
0110101110100001100111
1010001010001001110111
0011111001110100011111
1101100110111101001001
0100011011001011010011
0010000111111111000011
0010011110100000011101
1011111011100011011011
1001110001110101011011
1011111010010100100111
0111001001001011101111
0001100000100000010111
0010010001100111000101
1011111011101011001111
1011011010100100111111
1100011000111000011101
0111101111110111110011
0110110101001110011001
1101001011000100101001
1000111101110010110101
0100010110100111110101
