# A309370 a(11) >= 92: Sidon set in {0,1}^11, found by Vela multi-strategy construction search (Jun 2026; previous best 87).
# 92 vectors, one per line. Verified by verify.py (B_2: all 4278 pairwise sums distinct).
00000000111
00000100000
00000110101
00000111111
00001010110
00001011001
00001101001
00001111100
00010001110
00010111000
00011100110
00011110110
00100000011
00100010101
00101000111
00101101010
00101101111
00110010011
00110101111
00110111100
00111000100
00111011001
00111011101
00111101011
00111110000
01000100010
01000101001
01001001000
01001001001
01001100100
01010000101
01010010111
01010011011
01010101010
01010110100
01100010100
01101010001
01101010011
01101011110
01101110111
01110001101
01110101010
01110110001
01110110110
01111000100
01111011110
10000011000
10000110000
10000110011
10001000000
10010001111
10010011011
10010110101
10011001110
10011010111
10011011100
10011111001
10100001110
10100010110
10100100010
10100100100
10100101010
10110000010
10111001001
10111010000
10111101001
10111110011
11000000101
11000001100
11000111111
11001011101
11001101110
11001110010
11001111000
11010011000
11010011110
11010101111
11011000010
11011010011
11100011100
11100100111
11100101001
11100111010
11100111101
11101111101
11110000011
11110100101
11110110000
11111000001
11111011010
11111100110
11111110101
