# A309370 a(21) >= 2694: Sidon set in {0,1}^21, agent-FunSearch priority+seed cascade
010101110110100100000
001001110001110010000
110010010111000100000
010110100110100010000
100110101101100000000
010011111001010000000
011101101010010000000
011010011101000010000
100010101010011010000
011111000011001000000
110011001100110100000
110110011000010110000
110010000110111000000
001100100101101110000
110011011001100100000
011000101001110010000
010111110010100100000
101011111011000000000
101010010100001110000
110111010100100100000
101100110110101000000
111000011100100010000
010011010000111100000
111110000100101010000
111001101000011000000
111110100000011010000
011010110100101000000
110101010010010110000
011001000101111010000
001011000111011000000
000110011110101000000
111001001000101010000
000011010111010100000
111000100101011000000
010010101010110010000
100100001110100110000
111110011100001000000
101101101111000000000
000101011110011010000
011110000100001110000
001100101001110100000
101001110010011000000
100000011101111100000
001111101100110000000
100110111110000000000
001100010101011010000
110011000101101100000
101001010001001110000
110100110110001100000
011010000011101100000
110011111010001000000
000001111111100000000
110100110001010010000
100111010101000100000
011110000100011110000
110101000110101100000
101010011010100110000
011100100001001110000
110101001111001000000
101110101000000110000
101111100001000010000
110011000010111010000
001100001101101100000
100010111000111100000
001111101100100100000
011010101001001010000
001101111101010000000
100011001101110000000
101100111100001010000
010110100101001110000
001110000111011000000
111011000100010010000
101111010100100000000
100000111001101010000
010011101000110100000
000101100110011010000
110000011101011100000
111100010010010100000
000101011101101010000
011011000011100110000
011110001000001110000
010011110110100010000
000010101111001110000
010111101000100100000
001111001001110100000
010011001101100110000
001101101110010010000
000110011011100100000
011011101100001100000
101010111001100100000
100011010010110100000
110101110100110000000
100111000111100010000
000011110010101110000
100011111001011000000
000010011001111010000
010010001011110100000
111100011001000110000
110011000110101100000
100110100000111100000
111010100010110010000
010010111011101000000
000011101110011100000
001000011111001100000
010011101100011010000
101111101100000010000
110100111110001000000
100001011011100100000
111101001010001010000
111100111100000000000
110101101100010100000
100010111111010000000
000011010010101110000
011110001011100000000
011010111110000000000
111000001000110110000
111010100110000110000
111010111000010100000
111000110011110000000
001101000101110110000
010111000100110010000
110000111100100110000
110110010110000110000
001101100011101100000
010100101111000100000
001000110100101110000
101011110001000100000
010101100110100010000
100111010010111000000
001110011010100010000
111010101001110000000
110100111001000010000
000010011011101100000
111001011011100000000
100111110100010000000
001000011101110010000
010001110111001100000
110111000010010100000
010010110110011100000
001011001010101110000
010001110000101110000
110100110000001110000
100101100001011110000
100010011011010100000
100010110001111100000
000011111100110000000
100011101011001010000
010001111011001010000
001100111001011100000
001001001101110100000
011001110110100100000
001110100011010100000
001011010111000100000
110000100110110110000
000111110100011010000
001000011011111100000
101101001011101000000
100011101010110000000
100100001111001110000
101000010111101010000
110100111011010000000
110010101111000100000
110011100010011000000
110101110001000010000
010111000001011100000
011010011011010010000
001010111001110000000
011011100001011100000
011110000010110110000
100111110111000000000
011101000011010010000
110111010100100010000
101101001001100110000
101011011100100100000
111000001010100110000
011111000101001000000
110001001011010100000
101100110000110100000
110000000110011110000
010010111100011100000
101011101010010000000
110011001010001110000
111011110000001100000
111011100110100000000
011011100011001010000
001010101011011000000
010110100010110110000
001101011001011010000
100101001001011110000
100101000101001110000
001010101101001100000
000111110001100010000
011000101100100110000
011101000111110000000
111110111010000000000
101110010011000100000
000100011111001010000
001111101100010000000
000001110101111100000
110111000101100010000
001011111110000000000
011010100100101100000
111111010000000010000
100101110001110000000
010100110100101010000
100100100100110110000
011011001010010010000
011110010101100010000
101110001010110010000
001010111010010100000
101001111000010100000
001011101110001000000
011001000101111000000
111100001010100100000
100010111100011100000
011010001001011100000
011101010100000110000
011101111001000100000
101110011010000110000
101000101010011110000
000100101101011010000
110111001011000010000
001110011001000110000
010011101011110000000
101101001010010010000
000010111001011110000
011010101011110000000
100001110101100100000
000010010110011110000
011101110000110100000
001100100100111110000
010000101110111010000
000111000110100110000
000110111000110100000
110110010011001010000
101100011000011100000
011000011001101010000
010100110101100010000
010100110011111000000
110101110000110000000
111000100010011010000
101111011010010000000
100100001110111000000
110001010110010010000
110001111011000010000
100010010100111110000
010101011001111000000
011100101000101010000
011001100100011100000
111000110010001100000
001010011010111010000
101100011000111000000
000110001000111110000
001100100011011110000
011001101010001010000
101110000110001100000
001011100110110100000
000010010110110110000
011011010100101100000
001101011100001100000
010110110011001000000
010011001011100010000
010110000001111110000
000111100110001100000
010010011011011000000
111001010110001100000
110110101100000110000
010110111010101000000
100110110101011000000
110001001010010110000
001111010111000010000
110001100110000110000
110110000111011000000
101100000101011010000
100011011000011110000
101100100110001100000
011100110001001110000
001001100111110100000
011001011100010010000
010101110011001100000
100000011111110000000
100001101111001000000
111101000000111000000
011101110000011010000
010110101110010010000
011010110101100010000
001110110111000010000
110101101100001000000
101001110001111000000
110000110010110100000
000001101111000110000
100001010111100110000
001110001011001110000
101000010101100110000
100001010111010100000
000101101101010100000
010001101100101100000
101101000011100100000
001011010001101010000
011100010110010100000
000001101111010100000
101000101001101100000
101001101101000110000
000111110010001010000
001110100100110110000
000011110110010110000
001111010010101100000
111000111010010010000
010101011101110000000
011010001110101010000
010011011101000100000
000011101001111100000
101010011101010010000
001110011010011100000
001001100101111000000
100000101100101110000
001011110000111100000
111100101010010010000
000001100111111100000
000101000111101010000
010111010010101100000
010101010010010110000
000101000111010110000
111010101000100110000
100101001101101000000
100010001110111010000
110010100101110000000
100010100011001110000
101010110000111000000
111111011001000000000
101001110001001010000
011011010001010110000
000100111111010010000
100110010000111100000
011110010100001100000
110111001100110000000
100100010110111000000
101010100101100110000
001011010110111000000
111011000111000000000
101001001110001010000
110110001001011100000
010000011111101000000
101100010101110000000
001110111010100100000
001110011110011000000
000111100001001110000
110100101101110000000
000101110011011100000
000100011010101110000
101111001011000100000
001111000110101010000
010110001000111010000
011011001011100100000
001111010010110000000
011100111000110000000
001000111110010110000
110111001110000010000
010110101011011000000
000101110010100110000
000101101000110110000
000011010111011010000
000011101101001010000
010000010011111010000
111110010101000100000
100100100001101110000
111001000110110100000
001011100101011100000
100100110011110010000
000010111100101110000
011110100001100100000
001110101000101010000
110101101010100010000
110001011001011010000
100001100111101010000
110110101000101000000
011110100101110000000
101001011100110000000
100101110100111000000
010100100011110100000
010101001110011100000
011000010111001100000
011101101011001000000
111000010101011010000
110001001110101100000
010011100001001110000
000001111110001010000
001001111010011000000
100010110011100110000
111000100110011100000
101101101010101000000
010101010101001100000
100100101101100110000
011000110011100100000
110010100101010010000
000010001111111010000
110111101000000100000
001010001110010110000
100110100110010010000
100100011101010100000
101000110101010110000
010000110111100110000
110101110010001000000
011000000111101010000
101011100100011010000
000010001011011110000
001100101110101000000
101111010000011000000
100110011101101000000
001010010110110100000
000101111010011010000
001101011000001110000
101111100000100010000
110111101010100000000
010101011101000110000
010100010000111110000
011001000111110000000
110101000111010100000
001111000110011100000
011100011010001010000
100101011000110110000
011101011000100010000
100001100010111010000
010110001011000110000
110101010010110000000
001111100001010110000
001000110110111010000
101001011110101000000
110001110101000110000
101000100111110100000
110000111101000100000
010110011101011000000
100101011100101100000
101100100111001100000
011011110011000000000
000101011100011110000
100101000010111110000
100011110000101010000
111000101010000110000
100011000110101100000
000011110100100110000
111101010010010010000
100000010111011110000
101101111000000110000
111100010110100010000
011001100101010010000
110010111000100010000
001011110011001100000
011000010001111110000
001100101010001110000
000110100001110110000
101011001110010100000
100011000001111100000
010111111100000010000
010001011100011100000
100101000011011000000
011010010101000100000
000110101110000100000
111010111011001000000
100111101111000010000
101100101001011110000
100010110111001000000
001101001100111110000
011000101100101000000
111000110110011010000
100111100110000000000
010110010100110000000
110010001101100000000
101101101000100000000
110011010000000110000
101110101010101010000
100000111111110010000
100010100001011010000
000100111111011010000
110110100000101000000
011001110000000110000
001011011000010100000
010100100101101000000
110111100010011100000
100110000011100010000
001100011110110110000
111000101010111100000
001100000001011110000
010000101011000110000
111011010100100110000
011000001011001100000
110010111011000110000
100101111010010110000
101011111000110010000
011110100101110100000
110010011001111100000
001110111100110010000
100111110001001110000
011001101010100000000
001100111111000110000
000111001100011000000
011001011110100110000
111110001001101100000
110010100101110110000
010010000001011110000
001010010111100000000
111101010100001110000
000111001111101100000
100001001111111100000
010100011000100110000
100101110101100110000
011001111001110010000
101100001001010100000
110101001101011010000
001010010001110010000
011100010111011010000
101001001111011010000
100111000010100010000
011101110011100010000
101111100111010000000
111000000101110000000
111001101101100010000
010000011100011010000
010001111000010010000
010011100110111100000
100000111010100100000
101000001101100010000
100011001100000110000
011100111001101100000
001111110011101000000
001001111001100000000
111010110001011100000
100100110100000110000
100010110101000010000
101010000111110110000
001000000010111110000
110000010100011100000
100100100011001010000
010010110110010010000
110001110110000000000
010011011010110110000
011110110110101000000
001011010100001010000
111100011011110000000
000011001100101100000
111010011001101010000
011011101110010010000
011110010110011100000
011100101000111110000
111001110010101100000
000000010110110110000
101000000111101000000
111001001101000000000
110110100010000100000
010011000011110000000
011010010010110000000
111001000110000100000
011110000000101100000
010101101011101100000
111000000100110100000
011001110111011000000
000100110011001100000
001001100100010110000
101000101011010000000
110110100000000110000
110101010101011100000
010110001110101110000
110100010101111010000
100000011001001110000
000100111110010000000
100011011011101010000
100101000010101100000
111000011011010110000
000011101000110010000
101011011010011100000
101101010011110100000
110100001110010000000
110111011001001100000
011100110010000000000
001100000001100110000
000001111000000110000
000010101101000100000
100010010011010000000
111001000001000100000
010110010111110110000
100110110000101000000
001010111011110110000
010001100011000100000
111000001111111010000
110110111101001100000
101000000111010000000
000110011110000000000
011101001011011110000
000000101011001010000
111111001110010100000
010100100100011000000
011101110101011100000
010010110000101000000
000110011001001000000
000011000100011010000
100100101001000010000
000010011010010100000
101011111010011010000
010011111100011110000
110001000000110010000
010100101000010100000
000011101101000000000
111111100001010110000
110101111001101010000
111110101111010000000
110100100111111100000
101010000011001000000
101000000010011010000
111011001111001010000
100010110111011110000
111000110010000000000
010011110111111000000
101101101110110010000
010111110001101110000
000001001010100110000
010001111110101110000
101101101110011100000
011011011101111000000
001001010000101100000
010010000111000010000
101101100000010010000
111111101100011000000
111110110100110010000
110010101111011010000
111001110100101110000
010000010111001000000
101110001101110110000
001101100000001100000
011100111001110110000
110011111110100010000
100100101000011000000
111001111000111100000
111100100011111100000
111010101110001110000
111111000011111000000
000011100001100010000
001111100111010110000
110001001000001010000
000111001000001010000
011111001001110110000
100111100110101110000
110100011111110100000
100101111101110100000
011100011000001000000
001000100110100010000
010100010101000010000
110101011001110110000
111101101101100100000
101111110110100010000
010101101111011010000
011011000101111110000
011111110001011010000
011000001000001010000
100001000101001000000
010011011011111110000
001100100000010010000
001111101111001110000
010010000101000010000
010011111011111100000
011111111010101010000
100111011111110010000
101111011011110100000
000101000010101000000
100110110011111110000
000101001000000110000
001000010010101000000
000101001101000000000
100111011111101010000
101101110111110010000
100100010000100010000
101001111111101100000
101110111101000110000
010111101110111100000
111110001111100110000
111100111100111010000
111110110011101010000
011011111101110100000
111111101110001010000
000010100010000110000
010100001000101000000
111110010001011110000
010010000010100010000
000110100001010000000
111101101010110110000
110101001111111010000
000001010100110000000
010000001101010000000
110110111010110110000
100010011000001000000
111000011111011110000
110000010001001000000
000000101100100000000
001011111111011110000
101111110100111110000
111101011110111010000
111011010110111110000
000000000001111000000
011101011111101110000
001000001010001000000
100000011100000000000
000001010101000100000
000000000100111010000
110100111111011110000
000010101100000000000
111111110111010100000
111111111101101000000
100001000000010100000
101011111101101110000
000000111100000000000
000000000111000000000
000001010000000000000
111011111111111010000
001011101101100001000
110110100100010011000
001100111000110011000
011000011001001111000
011001010011100011000
001010011010011101000
000001010101110111000
100001110010101101000
101001001100101011000
011100000001110111000
000011011110010101000
110100011000010111000
011100011000101101000
010111001001010101000
100111111001000001000
111000001011000111000
010010110011101001000
110011011010000101000
010100101001011011000
011100101100100101000
011111000011100001000
011010101001110001000
100101100101101001000
100011110010001011000
011110010010110001000
110111000100100011000
101011000110001101000
011010100010011101000
001011001010110101000
000111100011010011000
110100010111000011000
110000010110101101000
000000101101011111000
110010010101000111000
000001111011010011000
001100110100011101000
000000001111110111000
000111001111000011000
111010100100011001000
100110000000111111000
000011011111001001000
000110010101110011000
111100001001011001000
101001100010101011000
000001101110110011000
000010001101111101000
000101001100111101000
000111010010101011000
000010111111100001000
010100110100101011000
011100100110011001000
010101111010000101000
010110110100110001000
000010010010111111000
101011100011000101000
101110101100000011000
100010111001000111000
011000011011010101000
100111010100001011000
101110100100001011000
001000000111110111000
001001011001010111000
001111100000110011000
010011011000011011000
000101101010001111000
010001001110100111000
110000111101010001000
110111100001010001000
101001010100111001000
101111001001000011000
001000100011111011000
110001100000101111000
110010101111000001000
100100101011101001000
011110001000110011000
111010001000101101000
111100001010001101000
110100000011110011000
111101001010100001000
010000100011110111000
011011001000011011000
000111110010000111000
100110010001001111000
101011000101100011000
000110001011110011000
111000101100001011000
100000010111010111000
001101101000101101000
110100100110010101000
010111100011001001000
001101010010110101000
010011001110101001000
101000111010100011000
001111100010101001000
101000100011111001000
001101100001100111000
010000110110001111000
110001100001110101000
101100110100100101000
110010000101010111000
101011111000101001000
001100011111100011000
000101011011101011000
101001100110010001000
100110001111000001000
111000001110000011000
110001000110100101000
011110110010100011000
001110100101111001000
100010111011000001000
010110011001011011000
111011001000111001000
010001110000001111000
100011101001110011000
010101000000111101000
000110100101001101000
111001010000100011000
101000100001011011000
101101011010100011000
100100101110101101000
010101000101100101000
001011000001101101000
111000001100111011000
000000111111001111000
100011110011010101000
000010011110010101000
100010111100100111000
001110011111001001000
110100110110001011000
110010000111101011000
011001101101001011000
010000101010111001000
111100110100010101000
010111000110011011000
110011010000111011000
011110111100010001000
101010101101101011000
011111011100001011000
000000000101101111000
111110110011100001000
001001111000101111000
010110100100101111000
011100000101000011000
011111011000000111000
101110011001101101000
011001010101010001000
111001100101101101000
100011101101111001000
010001011100000101000
010111010010011111000
010010100100010101000
100000111011111101000
100001010111101111000
010001100000011011000
010010111110011011000
110100001010010001000
000100001101001011000
111000110101100111000
011101000110110011000
100010000001100111000
001011100000001101000
001011110111001011000
101110000101010111000
011110111101000101000
101111010001001111000
011010110011110101000
110011001111001101000
111001010010110111000
000000011110010011000
110101110111000011000
100000001100011101000
000101111110111001000
011100101001111101000
001010101110101111000
101111011100011101000
111010111011011001000
010100111011101111000
010101100100000011000
111010011101110101000
001111011010111011000
101001110011110101000
101110010111111001000
000100101001010001000
110111111010110001000
100010000000110101000
110111011110001101000
000111111001110111000
001100000101010001000
101010110101111101000
110010101110110111000
100101111011011101000
010001001001100001000
110101101110111011000
011111110000111111000
011011010111111011000
011111011011110101000
111001110001111111000
111110001101110111000
111011101011101001000
111111001100101111000
001000110000001001000
111101100011111011000
111111100111001011000
100000100000100101000
000000100010100001000
110110111110001111000
101101110111101111000
011111101011111101000
110001111011111111000
011010101111111111000
110011111111011111000
001111111111111011000
000100001000000101000
101110011111111011000
111111111110100111000
111111111011011101000
000000010001000011000
111111110111111101000
100011000100011111000
101010001100011101000
101010000110011011000
111101000001000111000
001101111100001001000
101001101110000101000
101000010110010111000
100100110011100101000
010001111010011001000
010110001101000111000
101110100010000111000
111001000100011101000
011000101110010101000
100111011100100001000
101000010111101001000
110100111000100101000
011001010110101001000
001011110000010111000
101001011001101001000
101000111110000101000
010011010100110101000
010100011010110101000
110100001001101011000
001110110001001101000
111001000001110011000
011110010100101001000
011001101001011001000
010011100001101101000
000010110100110101000
101110101000001101000
100100100111010011000
110011110101001001000
000111010001010111000
000100110111000111000
111010010010010001000
010110110100000101000
111001011100000101000
001110010101010001000
101001011100010011000
111000110011100001000
111011100101000001000
000000101010111011000
110001010010001101000
001001111111110001000
010110111110010001000
110010000010100011000
011000010011011001000
110001111100101101000
111100000111001101000
100000011110111101000
001111110100000111000
100101001100001101000
100111000000010011000
110111111001010001000
001101010000010011000
001101011101011101000
000011010010110001000
010111011111010011000
101000110100000011000
001011101100110111000
111110011110100001000
100110101110011111000
011101011010011111000
010011001111010111000
011101000010000001000
001011111101110101000
101000000100110001000
001010110111011111000
101111101101011101000
110001000000000101000
110010000010000001000
110001011111100111000
011101111111010001000
100110011111011111000
101111110101110011000
111100011011111011000
001000000101000001000
100110111101111111000
101111111110011011000
000000001000001001000
110001000010110011100
010001011000011111100
111100001000011100100
010100101111000100100
001101101101101000100
101010101101100001100
111100000110111000100
100111100011010001100
001111100000011110100
011010100011001011100
000101100010101101100
011111010000011000100
101110011100000110100
100101110100000111100
011011010111010000100
100101110000111100100
001011110000110110100
000000110111110001100
110010010101100101100
100111101010010100100
011000101101100001100
100100100101010110100
100000101010101111100
101101110000001001100
111001101011000100100
001010111011000011100
010011001011000101100
001001000111010110100
111001001100000011100
000101110111101000100
011010110001110010100
000110110100101110100
011010000110011001100
011110100100010010100
010000001111101101100
011010011000110010100
100011011101011000100
110101001100001100100
101101000001001011100
010000010011111110100
110001100011110001100
101011100110000101100
000011101100100111100
000101000001111111100
001101001110100110100
010111001010110001100
011000111110001001100
010100111000100110100
100000111110111000100
110000010011111010100
110101010000001101100
001111010001100110100
110110101000001110100
000111110100100001100
110000111000011010100
100011100001000111100
111010100010001100100
110010001001010011100
000011101110010010100
101010011101001000100
011001001101010011100
011010110100010110100
110110010100010011100
111000000001101011100
010000110001111011100
001011001010110110100
010011100101110000100
000011001010010111100
100001010110011001100
011010011011000110100
010011000111001110100
001001010011111001100
010011011110000101100
010100001010111010100
111000011000100101100
100100101011100010100
101111010010001000100
110111110001000010100
111100010010011001100
111011010111000000100
101000110000110011100
010100100101011110100
000101010101001011100
000100010010101111100
111000000101101110100
000100111101100100100
000010101011001101100
101010010101100011100
111000101010101001100
000110011101010101100
011001001100111010100
101010100011101100100
110110100000111001100
011010001110101100100
000000111111010010100
010101111000110100100
111100100001010101100
000110010110101101100
101100010111010010100
110010110001101000100
001101010100100101100
110001110100100010100
011000100000101111100
111110000011001001100
000101001110011101100
011100010001011101100
001010010011001111100
100010010011010111100
010011110100001101100
100000011011011110100
101011000110011001100
000001110011011101100
100110010111010000100
010001001010110101100
111000100111110000100
101011100000010110100
001001010010101011100
101110010000010101100
101011100010001011100
010100101100110001100
011011110100010100100
110110001110010010100
101010000011110010100
101000101100011100100
101000011011000011100
000101100011110011100
111001110001001001100
111001111110000000100
000010101110110100100
100010001001111110100
100010001100110101100
001110010001011011100
001011011001111000100
011111011000000011100
001000101111000111100
001100010110110001100
010110100011100110100
101101000110101010100
101001101000011011100
101011100100100101100
001011011100101000100
101000110101001110100
010001001101100101100
001100110011110010100
001100101100110110100
001000111100110001100
100110101001110100100
011110010010101100100
000001011100110011100
101101101001000110100
100010111101000101100
010100110010010110100
111110100000000111100
000011111001101010100
001100011110000111100
011000110010010111100
010100111010100101100
010011100011100100100
101100111110001000100
000110100110010011100
111110000111000010100
110110011001000100100
100001111101010010100
110100000000111111100
110110100101000010100
010111001101100000100
010100011110001100100
001111010100110010100
011010100100011011100
110001001011011000100
000011010111010011100
001100001101001011100
001111011011010000100
010010011001011101100
000011001100111010100
001100111000100001100
101100001010010100100
101001111010101100100
100100001101111110100
010001100100010101100
100011011101001011100
010000110011100001100
100001001110111100100
010110111100000010100
101110111001001010100
011100000111000100100
001001011101010000100
100110011000110111100
111101010001001110100
100101001101000001100
010001111110011010100
001010100101100100100
011010001110011110100
111110010101010100100
100000110101101010100
011100001000110100100
000110101010001011100
010101011101101010100
110111000110110010100
111101101100100010100
101110011010100110100
101011001101010101100
010101011001111001100
000100011000111001100
101001000000111111100
110001010110010111100
100101110010011110100
100001100001101001100
011110011001110001100
110010000110000110100
010011110011000000100
001110001000101010100
011000110001010001100
110111000111001100100
100100010111000010100
100101010100010100100
101011000110011110100
000101111011001110100
101100001100101111100
011101001001101101100
101001100001100010100
110011101010010110100
101000110000011100100
011010011101101101100
001110010100000100100
110110110001111010100
010100100000000111100
000010100011100001100
010110111111001001100
101101111000101011100
111011101000010101100
011011110111001001100
110100001111001111100
010101111011100011100
100011111110001110100
001100010001100001100
110001000001000011100
100010010111101111100
000010001001101010100
111010001011111100100
110101110011101000100
011101100101011011100
100011111101110010100
101011011011100011100
011100001010100000100
110010101101100111100
011110010111010110100
101100000010110000100
101101101001111010100
000101010001011000100
011101100101101101100
101001111010110011100
011000000000111001100
011010101111100111100
010010100000100100100
000001000100110010100
000010010110101000100
110110001101111011100
001001110000000011100
010100000001001001100
010110110110011101100
110111101011110010100
110011101101001110100
011101110110101110100
100111101110100111100
100001100100100001100
111010101011011101100
000110001000101000100
010101011110110111100
011011110011010111100
110011111011101100100
101111111101100100100
000110111111011011100
111111011101010001100
011111011110001011100
101101101011101011100
111100111110101001100
011100010100000000100
000001010001000101100
001000000000000111100
101110011111111000100
000001010000101000100
011000100000100000100
100111110110111101100
111011100101111101100
011110111111011110100
111111011111100011100
111111111001101101100
111101100111011111100
010000000100001010100
000001000010001000100
011011011110011111100
011010111110111111100
111111001101110111100
110110011111101111100
110000000010000000100
101111111110110110100
011111101111111101100
110111111101110111100
001110000000111101100
001010011100000111100
001100011010011110100
110000110110010001100
010011001000001111100
100011101010000011100
001111001011001001100
000011111000101100100
100110000010110101100
001110001001010110100
011111100100000001100
111000010100011110100
010110011011001010100
000001100011111100100
101111000000101010100
100100000011111101100
100000001111110011100
110000010110101011100
010001011100001111100
110011010000111010100
100110111000101000100
110000101011011100100
100111000100101011100
100101001001101110100
000110001101011001100
001010111001011100100
101101000011100001100
110001001011100110100
000101101111011000100
111010010000011011100
111110011000010000100
101100100100111000100
010111000100011101100
000000111000110111100
001011101110001010100
100011111000010111100
011000100100011111100
110111010011100100100
011100100011101010100
110001011100001000100
110110100010101110100
101000101011011011100
000011000110110011100
001010101110101010100
000101111011000001100
001000110101111010100
110100010100100010100
000111011110110000100
010111110101001010100
010111101110001000100
101111110001010000100
110011110001010011100
110001101001010000100
010111110010111000100
010111110110110010100
001110000111111001100
001001010100000110100
011110100101100101100
100101110101110011100
011001010111100110100
011101111101000110100
000101101110000001100
010100010011010001100
101100101111010101100
001010100011001000100
011011111100101100100
110101011110110010100
111011001000000000100
110010111110101100100
001111110100101101100
111111010011000111100
010010001000100001100
111111001010100111100
111101111010100001100
100100110111101111100
000110110000000001100
101010000111011111100
101011100011111010100
100111111100011001100
011111101101111000100
111010111101101010100
010111100010111111100
100001001000001010100
011101111010011101100
100011011111101111100
011001111011110111100
000100000011000010100
111111110111110001100
000001110110001111010
101100101101100000110
011010010000111110010
101010100000011111010
101110000110100101010
100111100011100001010
100100000111110100110
000100010111001011110
000110011111001000110
100000110100110101110
111000010100100101110
011100011001101001010
100100110111010000110
101001110000101101010
010110001000101110110
001001000111110010110
001001011010011110010
000001001101101111010
011010111001010001010
110010011011100001010
001101011011000011010
111001010000110100110
010000010001111101110
000111100010111000110
001101001001110110010
110000110100110110010
001100001110001110110
101101000100011101010
000010000111011110110
100011110110000100110
100110001001011101010
110101000010001011110
011101100010100001110
110001000101101011010
001011101001100100110
010001011011010100110
010111010000100011110
111001100000001110110
000110011100001011110
101101010101100010010
010100110011001010110
011100100010110101010
111011000110010000110
001001011110110100010
011010000111011010010
010100011100011110010
001101001000001111110
000110111100010010110
001011110100100101010
111001111001100000010
000001110110101010110
011111101001001000010
011001101011001000110
111010000010110001110
000011011011010011010
010000110111101010010
001001101101000011110
000111100100111010010
101010111000101000110
100110100010111010010
110100000101110011010
000000111111100101010
100110010010011101010
001110011010001101010
110010101100100110010
111000001111000101010
111000100101000111010
110110010100101001010
011010110101100100010
001001001011100101110
010101000111000111010
001100111010001001110
010110000011010101110
100110010111100000110
001101001001111000110
110001000101110001110
000011110100001110110
100110101110100100010
110110100000011010110
001010101110010001110
100011010101111000010
100011111000011010010
101000111100011000110
010101011101000001110
001011010011011000110
011010100000110110110
001011111010010010010
011001000001110011110
011110000111101000010
001101000011000111110
011000011110110001010
011100101000001110110
010010001011110110010
100010100011011011010
101011100110000001110
001011100001011110010
010111000101001100110
010110111000110010010
110101101010010100010
001111010101001010010
111110000001010110010
001010010011100110110
000001010101011011110
110010100100001111010
100010001110010101110
011101000101001100110
000001111000010111110
010100101110100010110
111100000101011000110
101000110110101010010
111100101000011100010
100000011111101010010
000011001011111100010
011111000010001001110
011010000011000111110
001100110010011011010
001010001101010111010
000010110110100011110
100111000011100010110
100000001011011011110
010000101100011111010
011001000111110100010
010000101111001001110
001001110110100100110
010000011101101101010
110101011010101000010
110100011110010010010
000111101001100101010
101010011101011000010
100100100101101100110
110101100000011011010
010011000100011101110
110011100010100011010
101010110101010001010
110000100000110111110
101010110010010110010
110110000000111011010
011011101000111000010
110101011001100001010
001000011111010101010
011001110000011001110
101010000010111100110
010100010110111000110
010001000110011101110
101110001000011010110
101100000010100111110
110001111000010010110
101000011010001110110
010100101001010110110
111010110000110001010
110101010010010101010
011000011010101010110
000010011001111101010
001001001011011010110
110001001011100110010
010110101111000000110
101111110000010100010
011110000001101101010
101001111000001001110
001101101111000100010
100110110001001001110
010100100101011101010
010101100001010111010
010100010100111011010
001110110100100110010
011111110000100000110
100100101100101011010
100110001110000111010
000101100001111010110
100011010000101110110
001110110101100000110
010110101111001000010
010001001110001110110
000111000101110101010
110001001000111011010
000100001111100110110
010100100100111100110
000010111000101011110
000111101001101001010
011100011011000010110
001011100010001110110
100100001110110001110
111110100001000001110
010100011000101111010
101100101011100100010
011100111011010000010
101000101011100011010
100111000000001111110
000011011011000110110
101000010110000111110
100001110001011001110
010111101110000100010
111001000100110011010
011010001110100010110
000111111001001000110
100100001101011100110
001100000111011001110
100001100101101110010
100110110100010011010
011000110100011010110
000101111000101101010
000011100011100011110
001001111001101100010
010000111001100101110
100111101010000101010
001111010100000101110
101100000011101101010
000101110010010011110
011000101110100001010
111011100110101000010
010000011100011001110
011001110101000000110
011110011101100010010
010000110011001011010
110010001010011100010
100110110110101100010
110100011011001110010
010011010011100100010
110111000101110000110
001110011010011011010
011110100110010100110
001000011001101110010
000101110001101001010
011000110111010110010
011101011011011000010
001101100011001110110
100000111000110001110
001110000010010011110
110010111010110000110
111000101000001001110
101010010001011001110
001110000100011001110
111011101101000000110
011110100101001011010
000000100011011101110
110111001001110100010
011011101010100110010
000111001100111010110
110111000010011100110
111100100000010011010
111000101101010110010
110010111101010010010
010010011001010100110
010001000001110111010
011010011001000101010
011101000001111110010
000001110101100011010
101101011010110010010
110110011101010001010
010111110110000110010
011110000010101111010
000010111100110000110
111011010100001101010
001001101111100110010
010011010101100111010
110001101111001001010
110000111101111000010
011100111000010011110
010101110111100001010
010111010000110100010
001011001000011011010
101101010010010111010
101111001100011100010
111100101001101010010
010100010000111100110
110101000100010010110
010101111100001100110
000111011100110011010
000001010101110100110
000101010110011100010
100111000011000001110
100000010010011011110
101101011010110000110
110100001000101100110
100000100111100100010
011101111000001001110
110010010011111011010
100011110111011000110
101000001100011000110
111100110111000100110
101100101001110011110
101001011011000000010
110100101011001111010
000011110001001111110
001110110001010000110
010000101100100100110
110010011111001001110
110011101000000000110
011111001101001101010
111110011101000100110
101001101001000010010
100010001011111111010
001010110101110011010
110010001101010000010
001111110010110001110
001011000110100010010
101100000101001010010
101110101110001010110
101110110100111100010
001011110010000010010
000001110101010010010
110001000001100010110
100011000110110111010
110111111100001001010
010101110001101011110
011000100011010001010
000110100101011000010
010001001101100001010
000011011010100000110
111000111100011100110
000110110010000011110
101010101111101001010
011010100100001001010
011110100000101111110
100100111001011101110
010001100000110001110
111001110010111010010
111110010100101010110
000000111011111110110
110011001000010000110
010101001111011011010
101111000111010001110
001010100011000100110
000101001101110111110
111101010110010010110
010111000011101110110
101101110011010010110
110001110011001110110
110010010100000001110
001011001011011011110
110011110011011010110
111000011101101111010
110011001110111110010
001010100110111111110
100101011110010101110
011100011011110100110
011011010101001011110
110111001010101110110
001111101011101110010
110110111100110101010
101101111101101001010
111001101001011110110
101000111110011111010
011111011101001010110
000000000100111100110
011001101010100111110
111000001111101011110
110000110010100001010
100111100111111100010
011010111110100110010
000010100100001010110
111001011000000000110
010101101011011011110
011100101111010111010
111010101001101101110
000110000110010100010
101010001011111111010
001111011111100101010
001010010000010011010
100110011011111100110
111111001000111111010
110101101100101101110
001100000000011010010
100010110101111111110
101011000000011000010
111010100110111111010
010010000100010010010
001000001110000000110
011001110111101111010
100101101110101111110
110011111011110100110
010000001010010000110
001000010010000100110
100101100000000001010
111010100111111100110
110101111101000111110
111110010111110010110
110111011011100101110
001111111011011011010
000001001110000001010
101111111101100101010
110111110111100110010
111011101100111010110
110001110101111011110
110111111111110000110
100000010001000100110
000101000000000010110
101111010111001110110
111111010110110011010
001111011110101111110
111101101111111100010
111111011110101100110
100111111111101110010
000001000101000100010
011011011011111110110
000000000001010011010
100100010000010000010
111111101101100111010
100000000000010001010
101110111111101101110
111111111111010011010
111000010011001011010
000100011011011010110
010010000010101111110
100001101011110100010
101010100100110011010
101101100000101110010
101110100100010100110
111010001011001000110
100110001100011011010
000111110011110000010
010001001101111100010
111001000010001111010
011100010101100100110
001111010001001101010
011011100011010001010
111011010001010000110
010110101001101010010
110001111101000100010
011110001100100100110
010011011010001011010
011011001100000110110
111010001001100010110
111100110000100010110
110001100110111000010
110011001010101001010
101011000000101101110
110111010001000011010
110010001100001110110
101001011001010110010
001101101010100011010
110011010011001010010
100001001101001101110
001111101100010001010
010101110100100110010
010110010011101100010
010001101110010011010
001000011111000011110
000111001000110101110
111110000100000111110
100101101011000100110
111101000110100101010
101000000101111101010
010100000010110110110
101110010010110001010
101000111110001100010
011001100110011100110
100010001000110011110
010010010111010001110
000101010011110001110
011110110100100001010
001100110011010110010
100110101010000001110
100011010000110101010
010100100011011110010
001101111010110100010
111110000001100110010
100100111011110001010
111101011000001000110
110100110111000010010
111010011000001110010
011001011100001101010
100110010100110001110
000111010100110010110
010001111010100010110
111100111100010000010
101010100011110010110
100000000111010111110
010000111101010110110
110000010000101110110
001001110110010001010
001110000010101001110
110110011110000011010
011001110110001001110
100000110011011110110
011010110010100101110
100111101101010010010
001010100111101111010
101101111010111000010
001001100101000010110
001101001110101001110
000010011010000111110
000011010110111111010
100001101110011110110
101011010011100101010
001011111110000110110
110001110001010111010
100000000101001111010
011101011100000111110
100110001001000110110
010111011000000001010
101110001111100011010
011011101101110010010
101111001101101000110
001111100000010011010
001100110110111001110
101011010001110101110
110111001110010101010
100011100011001000010
000010101000111000110
010010001001101001010
110010101011110110110
000001000110101100110
000001100100000101110
111101100111100110010
101000001100001001010
010110101001111100110
101100010111110110010
011111111001110100010
000101010110110000010
100000101011000001110
001100000010000111010
100100011111101101010
000000111100000011010
011010110101111011010
100110010100000010010
011001000111011111110
100100001000001110010
001111111010111001010
101100111011110111010
001111101111110000110
110110111011011001010
100111111011000110110
111110011101110001110
000100011100100000010
111111110011011100010
111100100101111101110
100001100000000100110
101100111111001111110
111111100110111001110
000001000000101010010
001001111111111100110
111110111100100110110
011111010001110111110
000000010001001100010
011111100111101111110
101101111110111111010
010000000100000010110
011111011111111001010
000011000010000000010
011111101110011111110
111110111100111110110
111111110111111101010
111011111011011110110
010100100010000111111
011001101000011001011
100100001100111110101
000110010010100011111
000101100111111010001
100000111110100100111
111000111011001100001
100101010110011000011
100011101000110001111
000010110101101110001
110010000111011010101
101111000111100000011
001101110001101100001
100001011011001110101
000100011101000111101
011000001101011100111
011000010001111100111
001011001000110110011
011000001010100110111
001110110001010011001
100111101000001100101
111111000110000000111
011011001101110000101
000101011110101010001
000001110001011010111
010111000100111100101
000101101100111001001
100110100011001111001
101000100101100101111
000011111011100000111
001100011101001010111
110011000011101010001
010011011011000101011
110010001111101100001
110111010000011010011
110001010001111110001
101101101000100110001
101111110010001000011
010010000111111100011
100101110000110110101
100110101010110001011
011010001000001101111
110110110100110010001
110010010110100110001
111001100100000011011
110010000110010011101
111000101010001111001
001000111100100111001
101101010000011010111
010100011110100110001
110111010000010100101
010101100011000101101
101011010110000001111
100001110110011000111
101100000011110001111
011000101001011101001
011110101000010110101
001011001001011101011
001101101011000101011
110000110010101110101
000100110111011100011
011011100011000100111
110110000101110101001
100001100111100101011
100111000011101001101
101000010011111100011
011010010010110101101
010001111100101100101
010011110001000110011
101011110110101000001
100001110101101010011
100111110100000011001
001011000101001111001
110100101001001111001
000001010101101110101
010111010011101001001
100011110010100101001
101011111010110000001
110111000011010101001
010000011111111001001
011000101001000111111
101101001011000110011
010010001101011111001
010010010000010111111
100001101110100101101
011100000011001001111
101010101100101100001
100011010000101101101
100001110010010101011
011010111000111001001
101010001101011000101
011011010101010010101
000000111110011101101
100100001101100011111
001100000110110110011
100101111010000010011
110000111101000001011
111100101001100010011
011111101100001001001
101110001110010101001
110100101010110100101
101000101101000111101
000110110010001111101
101110011111000000001
001001001010111111001
000100011011001111011
101100110111010001001
011001100110010011011
000001111010111001011
101101001100101000101
011001111011000011001
101101110110000110001
010011111110001100001
111110000010001010101
011110100111000100001
101010110000001011111
000101011101100100011
011010010110000110101
101111001011000011001
010101010011000110101
000110100101011001111
101110001100000101011
100011011011010110001
001110011010110100011
010001101100110011001
011101011100001011001
010010111011110010001
010101010001010101011
010101110100100100111
110011001100101010001
001010110101101010011
001100001010101011101
101000100010110011101
111110100010010100011
001111111010000101001
001010001011000111101
000101100010101111011
001001101111110100001
010000001101010101111
000110000111100110011
010101100101010110011
000000101111110010011
110001101110100010101
010010010001111101011
101101000001101001101
101100010001111000111
001110001101001100101
011111000010111001001
010111001110000001111
110101011010001101001
111001110001010001011
011011011001001001101
101010000011111000101
011101100111110000001
011101010010100010111
010111010010100010101
010111001000000111101
011001000011001111011
010100111010010010101
111100100000111001011
100000011110011001011
100101001001001100111
100101111001001000111
001100000111101010101
000010111011000110011
011100000100111010101
011011001010100011011
001011110011100100101
110001011111000001101
001101111000001000111
010110101011010001001
011001010001001011101
011000010110011110101
111100010001111010001
110000100011100111011
111100011000010001101
010010100010111110011
010001010101011000111
110011111110000001001
000011001010101010111
001010010100111011011
000110110001000111011
010001001011001011101
011101001001110101001
111110001100010100001
100000001101010111111
100101110101011100001
100011100100110110011
001001110111000010101
101111100100001010101
101010001111000100011
111010000110000111011
101011100011010100101
110110100111000001101
001001001010101101011
011100100110110100101
011111000101010101001
001000000111010011111
010010110011010101101
100101000000101110111
100000010110110011101
100111000001110010101
100101010011110010001
000001111101100101001
110010011110100010101
100110010011001001111
001100111011001001101
000101110010111100001
111010100101000001101
110110001000101001111
101010101010001101011
010100110101111000101
110000111110010100001
001011001110000010111
101000001101111000011
010111110011000000111
100001010011111000111
111001010001001101001
010110100100100110011
110111100001011010001
101011001110101000011
100010110011001010101
110000011001100100111
111101110010100000001
010011101100010010111
111011000101000001011
000011000011011011011
000111101010111000101
001110011101010011001
101011110100010010101
111011010100000011001
010001100001111101101
010101000110111010011
000111101100110100011
111101011000110100001
110111100011000000011
101110101000100000111
010010010010111010111
110010011000100110011
001100010011010111101
001100100111101011001
011011110000000111011
110001000110110110101
001001110101011101001
011000110011011001011
100011001001010011101
001100111000100110111
010011100101100001101
110000101010111001001
000001100101011111101
011110010001110000101
011011000010110001111
001011011110011010001
011100100011110110001
100001011100011001011
100010111000100110101
000111110100110000011
000001011101101000111
011000100001101011101
110010001001011011011
010111110100001010001
101101011110000100101
101100100100101101011
011001011110001100011
011110001010100100011
001010110011011000111
011010000110101100101
000101000011111011011
011100100011001100011
011001100000101100111
000101100111011100101
001001011011101100101
011110100110011001001
101110100000100011011
001110101100000110101
010100101110011001011
011110101110001000101
101010001001001110011
001110001101101010101
110100001010101001011
100010001011110000111
110000111001100001101
110100110101011000011
100111101001110100001
100001101010100110011
010111000100011001011
110101110100000001011
011101001101100011001
110101100001011010101
111101011000001100011
000101010111110100001
111000011001001010101
001001000101100011111
011000010100001011111
010111001010011001101
001001100110010100111
011000111000001010111
000010110010101011101
000001010011110001111
010110001111000001011
101010011011110010001
010010000111111011001
101010001001110111001
011001000111101000011
000110100001100101111
110010000010111100011
101111100000011110001
001101010100110010011
000110110101100101101
110000011110110100011
011010010101100011101
110000000010101111101
001010000111101011011
000011001100001110111
010100010110100111011
011101000010001111001
000011000111100110111
000111100000110100111
101100001001110101011
100100001010101111101
111101001010000010101
110010111110000001011
010110011100101010011
101111001010010010101
010101111010010000011
111001100111000000111
000000100110011111101
010010001100110111011
101100111000001011101
100010010100011110101
010111100101000001011
101111000110000111001
110110001110001100001
111101010010001110011
101010010111010000011
000101101001101001111
001001110010010010011
100100001001111011111
010001001100101001011
101100000011110111001
100111011101010101001
001000011011001010011
000110011100001001011
001010111001111100011
101011000100000101111
000110010100110000111
000000011111001001101
110001110010000000111
110100011001011110101
011011000110101111001
010111010111100101001
100111000000100101101
000101110110001000101
100010101001011101011
110111110001010000111
111011101000000111011
110100110010111101001
010011001011101110001
100111001111110000101
110111101101001000101
001000100001110110101
000100101110101011111
000100011110111001111
010010101000001101011
011110010011000111011
011000010111110111001
101111110100101001001
101010111100110001011
001010100110001100111
000101101100011001101
011001111001100011101
101110010001000000111
101100000010001011011
000111100110110110101
100000100100101010111
010100111011011100001
111110001011010010011
010001011000010010111
110000011011010110111
000011110000111001111
011100000000000111111
110000100100011101001
010001101010000110011
010111011100010100111
001010100000110101111
101100000001101111001
001110000101000100111
111111100001100001011
110000111011011010011
000010111110011110011
010010010010111111101
110011101100010100111
011100100010101000101
100001000101110100101
001000110100011011001
001000001100100101111
011001011101010110011
101010010110101110101
100111010001011011011
110100100011011011101
000001101111110011011
110001100100111111001
110001110010001111101
011111011000100110011
011001000101101111011
010001011101100011111
110010110100111010101
001100011111011101001
110110100011100101011
110101011001101011001
001110100101110011101
111011111011000100001
100101100000110101001
011010101010111010011
010110001001001010011
011100101111100110101
001100101001010001011
101000111110010111101
001000110010101001001
000001110010010011001
111100111010010101101
000110001010101000011
110110111110010100101
011110101001100111101
001111100000100000101
111011011001001110001
001111010100110111011
010111011101011010101
000011001101001101001
011010110011111000111
110111010010010111101
111101001010011101101
011000010010001100101
110101001111011100011
010010101111110011101
001101111010010011101
111110001011010001111
101000101000110000011
110111111010010001011
111001011101110100101
000001000000101111011
101100000110000001101
010000110101000000111
100101010001111111011
111100001111101110001
101000110010000001011
100010011111011011001
000100100010011001101
101110011100101101001
001111000111101101101
110011011110110011001
010100001000000110111
101011100111101010101
000100001101110001001
101101101011010011011
111110110010100010111
100000100100111000101
111110111010101100001
101111111010001011001
011011110000000000101
011110110011011100011
100100010010101000101
110001001111101010111
000000110110101000011
100110111110100011101
011010001000110010001
100011011110001111011
111110011101100100011
101001111101001110011
001100000110010100101
110101111010110011001
100111011111001001011
110001100101111110011
011111110000111110001
110110000101101110111
000011001011000001101
010011111110111000101
110011101011111100001
100011000100011001001
101011111011010101001
001001001000011110001
010010111001000010001
011010110100101111111
111001101011111001011
100101111111011010011
101101110001000111111
101100111110001111001
111001011111110110001
110011010101111011101
111111111000011100101
010110111001101111011
110110101100111110011
100011011110110110111
111110101110010110011
101101010011101111001
011100100001111111011
000101110111111101011
010100110000000101101
011111010011111001101
100011101111011101101
111000001100000000101
100101101101111011011
110000010001001100001
101101110001101110111
111011101001001101111
000010000010100101011
010111101001100111111
111101100100110111101
000001001001101000101
111101011101000111101
001101011011001111111
100011111001011111001
111100111111010000101
000000010010001101011
101011010100111111001
010111100000011111111
001111111110110010011
000100110001001010001
100000110100000100011
000101111011110111101
100011100101110111111
100010001000001010011
011001111100111111001
100010111111111010011
100001001000100101001
101111111101100011001
111111110001011011001
111011111011011000011
011001110011101011111
001011110111101101111
110101111101111001101
101101000000010000011
111111010011001011011
001001000000101010001
010011101111111011101
101111101111100101101
110111110010101001111
110100111111100001111
111111001110111001001
001111111001101110101
100001111101111011111
001111010111111100111
010001011010001000001
101110011111110110101
011101011111110101011
101000000010010110001
000100000111000100011
000000011010100000101
000011111011110111111
111101000111111101101
110011111111100111001
111111000101110110111
100010010000010000011
100001100010010000001
111001011110101111011
001110101111111011011
111011111100100111111
111110010111011110111
000010000100000111001
100000000000101100001
111101111001111011011
110101011100110111111
101101111110011111011
001111111101011110111
111010011111011101111
011101101111110111101
111111011111011101001
111110011011110111111
111011100001111111111
111011111110111010111
000100000000001001001
011101011111111011111
101001100010010111011
100011000011000111111
000010000101111101101
110111000000000110111
010000011011100011011
100100110000110110011
000110010011010010111
011001000101011101101
111001100001010100011
000011111100010001101
100011111000001110011
111100000011010001101
100110010111100001001
100010110001101100101
011011111100000001101
010110011100010011001
101100101000011010101
001010111101000101101
001100001010011010111
011101000101100101101
001111000000011101011
110101100010100001101
010000101110011000111
001110000110010111101
101110011000001100111
010011100110101010001
001010101111010001011
110101001000110011101
101001010100110010111
100110100010011101011
001101111100001001011
101110010110110100001
111011000001100101011
011101101000101100101
110010101100001101101
000110011101010000111
111011011100101000001
011000001010110111001
001111011011101000001
011000111101100000011
001001111101011000101
010000110110001111001
010010111010010010011
100000111100010010111
111101101001010000101
010010011101100000111
101100101101000100011
000101001111001111001
011011100010010101001
000110001011110001011
101100000111000100111
110111011001001000011
110000100110110001111
101010010010111011001
000110011000011011111
101100110100011001101
001010110110001101011
011111100001000010111
001010001101101100011
100111100100011100011
100001000111001011011
011000111100100101011
100000011101001111011
010110101000110011001
010100101111010010001
110000101000111011101
000101110101100011001
101100100111001100101
110001110010011100011
110100000111100010101
000110101101100101001
100000100101001101111
101001001001000110111
000011010111011001001
010111010101100000011
110000001100111110011
010110011000101101101
111100001100000111101
110010100001101011001
000000001111000111101
010100100000111010111
001010101111011000001
011111010001100110001
101001001100011110001
111000001001010110101
011100000000111111011
100110110110001010011
111101010100001001101
111010010100001100011
000100111011000100111
011001110001001110101
100001011010100001111
000100011111011000101
110011101001001001001
110011100001011000011
101110110001100110001
100110111001101000101
001001001101011000011
011100110100100100011
101011001100111001001
010000110001011110011
101010101000010011101
111101001010010100011
110100111000010011011
100101101100010100011
100100011000101000111
111000100111010010011
001010100101001010111
110011000000110110111
110101010000010001111
110110010100000011011
110010011010000100111
000101010000111111101
101110010001001111001
111101000100101100011
101010001100110010111
110011001010000010101
000001011001110111001
111001000111011010101
011100010110001111011
000000001000111111101
101001001110110001101
110110010000100110101
010110011110010110101
110101011101010001011
101001101000111101101
101011110101000010111
011111010001110010011
010100101101101110111
000110100000010111001
110001001001110000001
000001000111010011001
110000001010010010101
001011000011010100011
011101000000101001011
110000010111100000011
010100010010000111001
111010100110111000111
111100100110001110111
111111111000010010001
011111010101101000101
110101110001110001111
111101111110011000001
011110110101101001101
110000001001100101001
101010011010111101001
100011100111101100111
010000011000100011011
111011110001101100101
011000000011100101001
111010111000011111001
101010101101111110001
101101101101110101101
000000001001010101101
011110101010101100111
000111001110110111111
001011111010111010101
000000010011010001101
001001110100000000111
111111001101011000111
001011100001000010001
000010010010010100111
110010000100010110001
111111000111010011011
001110011000100000001
111101011100101100111
111000001111011011111
110101100101111111001
101000111111110111101
110011100111001011111
010001001000110000011
111000001000100000001
101111110111100011101
111111011100111001111
000110000000110001001
001010000000000011101
101111101111001011111
011111011111110110011
111111110110001111101
111010111111111111011
011011111111111111101
