# A309370 a(15) >= 364: Sidon set in {0,1}^15, integer componentwise addition.
# 364 vectors, one per line. Generated from the canonical Vela record;
# re-verify with: vela reproduce examples/sidon-sets/witnesses
000000000110110
000000001001101
000000001101011
000000010011111
000000011101010
000000111011011
000001010000110
000001011001001
000001011011000
000001011100000
000001100001110
000001100111010
000001101011101
000001110111101
000010001101101
000010010110100
000010100011011
000010100011100
000010111000000
000010111001100
000011001000101
000011010100011
000011101101101
000011110000010
000100001011110
000100010001000
000100010011010
000100100110011
000100100111001
000100101111010
000100110010000
000101000000110
000101000111110
000101001101011
000101011110000
000101111101110
000101111110011
000110010100101
000110011001000
000110110000010
000111000110001
000111001011100
000111001110101
000111010000010
000111010110101
000111011111110
000111100000001
000111111101000
001000011100110
001000101000111
001000110111101
001001000010111
001001000111000
001001101001110
001001101010001
001001101111001
001001111100100
001010010000001
001010010010100
001010010011111
001010010110011
001010011011010
001010011111000
001010111000010
001011000111111
001011001101011
001011011000001
001011011101110
001011100001001
001011100111111
001011101110010
001011110011011
001011111110000
001100001110110
001100011111101
001100101100110
001100101111101
001100111010110
001100111110000
001101000110000
001101001001111
001101001110011
001101010000111
001101011111011
001101100110110
001101110001111
001110000001001
001110001100100
001110010010110
001110100000100
001110100001010
001110100011001
001110101110000
001110111110101
001111100111100
001111110100101
001111110101000
001111111010110
010000000100011
010000001011011
010000010110011
010000100001000
010000111011100
010000111100011
010001001011010
010001010101110
010001010111100
010001100011001
010001100101001
010001101000101
010010001001010
010010001101101
010010010010110
010010101111110
010010111111101
010011010110010
010011011011101
010011101100001
010011111010111
010100000110100
010100011101100
010100100000101
010100110011100
010100111000111
010101001110111
010101011001011
010101011001111
010101101010001
010101110011100
010101110100000
010110000101110
010110010100001
010110010101110
010110011001001
010110101011001
010110101011110
010110111100001
010111000011010
010111001100111
010111010111101
010111011000000
010111100111010
010111110000101
010111111110011
011000000001110
011000001110000
011000100100101
011000101010010
011000111111111
011001010000011
011001100101111
011001101010110
011010000001111
011010000100101
011010000111010
011010001100101
011010011101011
011010101100000
011010110010110
011011001000111
011011001110110
011011101110100
011011110010000
011011110100100
011011111101110
011100000001110
011100001011000
011100001110101
011100011010101
011100100001000
011100110001011
011100111110011
011101010001100
011101010101001
011101010110010
011101111000001
011110001011000
011110010011010
011110010100001
011110110101000
011111011011011
011111100000111
011111100110001
011111101011010
011111110110110
011111111011100
011111111110111
100000000110110
100000000111010
100000100010010
100000101000001
100000111110001
100001000010110
100001000111100
100001001000000
100001011001100
100001011110100
100001110100101
100010000101011
100010001010110
100010010000011
100010110001001
100010110100001
100010110110110
100010111010110
100010111011111
100010111111011
100011000001001
100011001010010
100011010010001
100011010110011
100011100010101
100100000001010
100100100100000
100100110100111
100100111000011
100100111111110
100101001010110
100101011001101
100101011010011
100101110110011
100110000000111
100110000111001
100110001111111
100110100010100
100110101011101
100110101100011
100110101101010
100110110111010
100111001101100
100111010011001
100111011001010
100111011001011
100111100100010
100111101001100
100111101110101
101000000100111
101000011000111
101000011010011
101000011011000
101000101110100
101001001100100
101001010111011
101001011100110
101001101101000
101001110001010
101010000000010
101010010011100
101010011000101
101010101000000
101010101101111
101010110011101
101010111111101
101011101001000
101011110110100
101100000101100
101100001100001
101100011100111
101100100001111
101100111000010
101100111101001
101101001000101
101101001000110
101101010011101
101101011111100
101101101001011
101101101111001
101101110111110
101110010101100
101110011011000
101110101011011
101110101111010
101111000100011
101111010101110
101111010110111
101111100110001
101111101010111
101111101101010
101111111100010
110000001000100
110000010010000
110000100100000
110000100111011
110000110011111
110000111110010
110000111111100
110001001010001
110001100101111
110001101001100
110001101110110
110010000101110
110010010101000
110010011100101
110010110000111
110011011100010
110011011110010
110011100011111
110100000100101
110100001110001
110100100100111
110100110101110
110101011100000
110101100111001
110101101100110
110101111010000
110101111101100
110110000010000
110110000010111
110110000011000
110110011101111
110110101001011
110110101110111
110110110111111
110111000100011
110111001000111
110111001111000
110111001111110
110111110000100
110111110011110
110111111010110
110111111011011
110111111011101
111000000100101
111000010101000
111000100010000
111000110111110
111001000010111
111001010011000
111001010011011
111001010111111
111001011011101
111001110010100
111001110100010
111010011010010
111010011111101
111010100101101
111010101010101
111011000001000
111011000101001
111011001100000
111011011010001
111011101011011
111011110111010
111011110111111
111011111101010
111100000001001
111100011101010
111100011110001
111100101000000
111100101110011
111100110001111
111100111001101
111101000010011
111101000011110
111101110100001
111101110101111
111101111111111
111110101100110
111110110110101
111111000010100
111111000010110
111111001101100
111111100010010
111111101000011
