# A309370 a(20) >= 1941: Sidon set in {0,1}^20, agent-FunSearch priority+seed cascade
01010111011010010000
00100111000111001000
11001001011100010000
01011010011010001000
10011010110110000000
01001111100101000000
01110110101001000000
01101001110100001000
10001010101001101000
01111100001100100000
11001100110011010000
11011001100001011000
11001000011011100000
00110010010110111000
11001101100110010000
01100010100111001000
01011111001010010000
10101111101100000000
10101001010000111000
11011101010010010000
10110011011010100000
11100001110010001000
01001101000011110000
11111000010010101000
11100110100001100000
11111010000001101000
01101011010010100000
11010101001001011000
01100100010111101000
00101100011101100000
00011001111010100000
11100100100010101000
00001101011101010000
11100010010101100000
01001010101011001000
10010000111010011000
11111001110000100000
10110110111100000000
00010101111001101000
01111000010000111000
00110010100111010000
10100111001001100000
10000001110111110000
00111110110011000000
10011011111000000000
00110001010101101000
11001100010110110000
10100101000100111000
11010011011000110000
01101000001110110000
11001111101000100000
00000111111110000000
11010011000101001000
10011101010100010000
01111000010001111000
11010100011010110000
10101001101010011000
01110010000100111000
11010100111100100000
10111010100000011000
10111110000100001000
11001100001011101000
00110000110110110000
10001011100011110000
00111110110010010000
01101010100100101000
00110111110101000000
10001100110111000000
10110011110000101000
01011010010100111000
00111000011101100000
11101100010001001000
10111101010010000000
10000011100110101000
01001110100011010000
00010110011001101000
11000001110101110000
11110001001001010000
00010101110110101000
01101100001110011000
01111000100000111000
01001111011010001000
00001010111100111000
01011110100010010000
00111100100111010000
01001100110110011000
00110110111001001000
00011001101110010000
01101110110000110000
10101011100110010000
10001101001011010000
11010111010011000000
10011100011110001000
00001111001010111000
10001111100101100000
00001001100111101000
01001000101111010000
11110001100100011000
11001100011010110000
10011010000011110000
11101010001011001000
01001011101110100000
00001110111001110000
00100001111100110000
01001110110001101000
10111110110000001000
11010011111000100000
10000101101110010000
11110100101000101000
11110011110000000000
11010110110001010000
10001011111101000000
00001101001010111000
01111000101110000000
01101011111000000000
11100000100011011000
11101010011000011000
11101011100001010000
11100011001111000000
00110100010111011000
01011100010011001000
11000011110010011000
11011001011000011000
00110110001110110000
01010010111100010000
00100011010010111000
10101111000100010000
01010110011010001000
10011101001011100000
00111001101010001000
11101010100111000000
11010011100100001000
00001001101110110000
11100101101110000000
10011111010001000000
00100001110111001000
01000111011100110000
11011100001001010000
01001011011001110000
00101100101010111000
01000111000010111000
11010011000000111000
10010110000101111000
10001001101101010000
10001011000111110000
00001111110011000000
10001110101100101000
01000111101100101000
00110011100101110000
00100100110111010000
01100111011010010000
00111010001101010000
00101101011100010000
11000010011011011000
00011111010001101000
00100001101111110000
10110100101110100000
10001110101011000000
10010000111100111000
10100001011110101000
11010011101101000000
11001010111100010000
11001110001001100000
11010111000100001000
01011100000101110000
01101001101101001000
00101011100111000000
01101110000101110000
01111000001011011000
10011111011100000000
01110100001101001000
11011101010010001000
10110100100110011000
10101101110010010000
11100000101010011000
01111100010100100000
11000100101101010000
10110011000011010000
11000000011001111000
01001011110001110000
10101110101001000000
11001100101000111000
11101111000000110000
11101110011010000000
01101110001100101000
00101010101101100000
01011010001011011000
00110101100101101000
10010100100101111000
10010100010100111000
00101010110100110000
00011111000110001000
01100010110010011000
01110100011111000000
11111011101000000000
10111001001100010000
00010001111100101000
00111110110001000000
00000111010111110000
11011100010110001000
00101111111000000000
01101010010010110000
11111101000000001000
10010111000111000000
01010011010010101000
10010010010011011000
01101100101001001000
01111001010110001000
10111000101011001000
00101011101001010000
10100111100001010000
00101110111000100000
01100100010111100000
11110000101010010000
10001011110001110000
01101000100101110000
01110101010000011000
01110111100100010000
10111001101000011000
10100010101001111000
00010010110101101000
11011100101100001000
00111001100100011000
01001110101111000000
10110100101001001000
00001011100101111000
01101010101111000000
10000111010110010000
00001001011001111000
01110111000011010000
00110010010011111000
01000010111011101000
00011100011010011000
00011011100011010000
11011001001100101000
10110001100001110000
01100001100110101000
01010011010110001000
01010011001111100000
11010111000011000000
11100010001001101000
10111101101001000000
10010000111011100000
11000101011001001000
11000111101100001000
10001001010011111000
01010101100111100000
01110010100010101000
01100110010001110000
11100011001000110000
00101001101011101000
10110001100011100000
00011000100011111000
00110010001101111000
01100110101000101000
10111000011000110000
00101110011011010000
00001001011011011000
01101101010010110000
00110101110000110000
01011011001100100000
01001100101110001000
01011000000111111000
00011110011000110000
01001001101101100000
11100101011000110000
11011010110000011000
01011011101010100000
10011011010101100000
11000100101001011000
00111101011100001000
11000110011000011000
11011000011101100000
10110000010101101000
10001101100001111000
10110010011000110000
01110011000100111000
00100110011111010000
01100101110001001000
01010111001100110000
10000001111111000000
10000110111100100000
11110100000011100000
01110111000001101000
01011010111001001000
01101011010110001000
00111011011100001000
11010110110000100000
10100111000111100000
11000011001011010000
00000110111100011000
10000101011110011000
00111000101100111000
10100001010110011000
10000101011101010000
00010110110101010000
01000110110010110000
10110100001110010000
00101101000110101000
01110001011001010000
00000110111101010000
10100010100110110000
10100110110100011000
00011111001000101000
00111010010011011000
00001111011001011000
00111101001010110000
11100011101001001000
01010101110111000000
01101000111010101000
01001101110100010000
00001110100111110000
10101001110101001000
00111001101001110000
00100110010111100000
10000010110010111000
00101111000011110000
11110010101001001000
00000110011111110000
00010100011110101000
01011101001010110000
01010101001001011000
00010100011101011000
11101010100010011000
10010100110110100000
10001000111011101000
11001010010111000000
10001010001100111000
10101011000011100000
11111101100100000000
10100111000100101000
01101101000101011000
00010011111101001000
10011001000011110000
01111001010000110000
11011100110011000000
10010001011011100000
10101010010110011000
00101101011011100000
11101100011100000000
10100100111000101000
11011000100101110000
01000001111110100000
10110001010111000000
00111011101010010000
00111001111001100000
00011110000100111000
11010010110111000000
00010111001101110000
00010001101010111000
10111100101100010000
00111100011010101000
01011000100011101000
01101100101110010000
00111101001011000000
01110011100011000000
00100011111001011000
11011100111000001000
01011010101101100000
00010111001010011000
00010110100011011000
00001101011101101000
00001110110100101000
01000001001111101000
11111001010100010000
10010010000110111000
11100100011011010000
00101110010101110000
10010011001111001000
00001011110010111000
01111010000110010000
00111010100010101000
11010110101010001000
11000101100101101000
10000110011110101000
11011010100010100000
01111010010111000000
10100101110011000000
10010111010011100000
01010010001111010000
01010100111001110000
01100001011100110000
01110110101100100000
11100001010101101000
11000100111010110000
01001110000100111000
00000111111000101000
00100111101001100000
10001011001110011000
11100010011001110000
10110110101010100000
01010101010100110000
10010010110110011000
01100011001110010000
11001010010101001000
00001000111111101000
11011110100000010000
00101000111001011000
10011010011001001000
10010001110101010000
10100011010101011000
01000011011110011000
11010111001000100000
01100000011110101000
10101110010001101000
00001000101101111000
00110010111010100000
10111101000001100000
10011001110110100000
00101001011011010000
00010111101001101000
00110101100000111000
10111110000010001000
11011110101010000000
01010101110100011000
01010001000011111000
01100100011111000000
11010100011101010000
00111100011001110000
01110001101000101000
10010101100011011000
01110101100010001000
10000110001011101000
01011000101100011000
11010101001011000000
00111110000101011000
00100011011011101000
10100101111010100000
11000111010100011000
10100010011111010000
11000011110100010000
01011001110101100000
10010101110010110000
10110010011100110000
01101111001100000000
00010101110001111000
10010100001011111000
10001111000010101000
11100010101000011000
10001100011010110000
00001111010010011000
11110101001001001000
10000001011101111000
10110111100000011000
11110001011010001000
01100110010101001000
11001011100010001000
00101111001100110000
01100001000111111000
00110010101000111000
00011010000111011000
10101100111001010000
10001100000111110000
01011111110000001000
01000101110001110000
10010100001101100000
01101001010100010000
00011010111000010000
11101011101100100000
10011110111100001000
10110010100101111000
10001011011100100000
00110100110011111000
01100010110010100000
11100011011001101000
10011110011000000000
01011001010011000000
11001000110110000000
10110110100010000000
11001101000000011000
10111010101010101000
10000011111111001000
10001010000101101000
00010011111101101000
11011010000010100000
01100111000000011000
00101101100001010000
01010010010110100000
11011110001001110000
10011000001110001000
00110001111011011000
11100010101011110000
00110000000101111000
01000010101100011000
11101101010010011000
01100000101100110000
11001011101100011000
10010111101001011000
10101111100011001000
01111010010111010000
11001001100111110000
00111011110011001000
10011111000100111000
01100110101010000000
00110011111100011000
00011100110001100000
01100101111010011000
11111000100110110000
11001010010111011000
01001000000101111000
00101001011110000000
11110101010000111000
00011100111110110000
10000100111111110000
01010001100010011000
10010111010110011000
01100111100111001000
10110000100101010000
11010100110101101000
00101001000111001000
01110001011101101000
10100100111101101000
10011100001010001000
01110111001110001000
10111110011101000000
11100000010111000000
11100110110110001000
01000001110001101000
01000111100001001000
01001110011011110000
10000011101010010000
10100000110110001000
10001100110000011000
01110011100110110000
00111111001110100000
00100111100110000000
11101011000101110000
10010011010000011000
10001011010100001000
10101000011111011000
00100000001011111000
11000001010001110000
10010010001100101000
01001011011001001000
11000111011000000000
01001101101011011000
01111011011010100000
00101101010000101000
11110001101111000000
00001100110010110000
11101001100110101000
01101110111001001000
01111001011001110000
01110010100011111000
11100111001010110000
00000001011011011000
10100000011110100000
11100100110100000000
11011010001000010000
01001100001111000000
01101001001011000000
11100100011000010000
01111000000010110000
01010110101110110000
11100000010011010000
01100111011101100000
00010011001100110000
00100110010001011000
10100010101101000000
11011010000000011000
11010101010101110000
01011000111010111000
11010001010111101000
10000001100100111000
00010011111001000000
10001101101110101000
10010100001010110000
11100001101101011000
00001110100011001000
10101101101001110000
10110101001111010000
11010000111001000000
11011101100100110000
01110011001000000000
00110000000110011000
00000111100000011000
00001010110100010000
10001001001101000000
11100100000100010000
01011001011111011000
10011011000010100000
00101011101111011000
01000110001100010000
11100000111111101000
11011011110100110000
10100000011101000000
00011001111000000000
01110100101101111000
00000010101100101000
11111100111001010000
01010010010001100000
01110111010101110000
01001011000010100000
00011001100100100000
00001100010001101000
10010010100100001000
00001001101001010000
10101111101001101000
01001111110001111000
11000100000011001000
01010010100001010000
00001110110100000000
11111110000101011000
11010111100110101000
11111010111101000000
11010010011111110000
10101000001100100000
10100000001001101000
11101100111100101000
10001011011101111000
11100011001000000000
01001111011111100000
10110110111011001000
01011111000110111000
00000100101010011000
01000111111010111000
10110110111001110000
01101101110111100000
00100101000010110000
01001000011100001000
10110110000001001000
11111110110001100000
11111011010011001000
11001010111101101000
11100111010010111000
01000001011100100000
10111000110111011000
00110110000000110000
01110011100111011000
11001111111010001000
10010010100001100000
11100111100011110000
11110010001111110000
11101010111000111000
11111100001111100000
00001110000110001000
00111110011101011000
11000100100000101000
00011100100000101000
01111100100111011000
10011110011010111000
11010001111111010000
10010111110111010000
01110001100000100000
00100010011010001000
01010001010100001000
11010101100111011000
11110110110110010000
10111111011010001000
01010110111101101000
01101100010111111000
01111111000101101000
01100000100000101000
10000100010100100000
01001101101111111000
00110010000001001000
00111110111100111000
01001000010100001000
01001111101111110000
01111111101010101000
10011101111111001000
10111101101111010000
00010100001010100000
10011011001111111000
00010100100000011000
00100001001010100000
00010100110100000000
10011101111110101000
10110111011111001000
10010001000010001000
10100111111110110000
10111011110100011000
01011110111011110000
11111000111110011000
11110011110011101000
11111011001110101000
01101111110111010000
11111110111000101000
00001010001000011000
01010000100010100000
11111001000101111000
01001000001010001000
00011010000101000000
11110110101011011000
11010100111111101000
00000101010011000000
01000000110101000000
11011011101011011000
10001001100000100000
11100001111101111000
11000001000100100000
00000010110010000000
00101111111101111000
10111111010011111000
11110101111011101000
11101101011011111000
00000000000111100000
01110101111110111000
00100000101000100000
10000001110000000000
00000101010100010000
00000000010011101000
11010011111101111000
00001010110000000000
11111111011101010000
11111111110110100000
10000100000001010000
10101111110110111000
00000011110000000000
00000000011100000000
00000101000000000000
11101111111111101000
00101110110110000100
11011010010001001100
00110011100011001100
01100001100100111100
01100101001110001100
00101001101001110100
00000101010111011100
10000111001010110100
10100100110010101100
01110000000111011100
00001101111001010100
11010001100001011100
01110001100010110100
01011100100101010100
10011111100100000100
11100000101100011100
01001011001110100100
11001101101000010100
01010010100101101100
01110010110010010100
01111100001110000100
01101010100111000100
10010110010110100100
10001111001000101100
01111001001011000100
11011100010010001100
10101100011000110100
01101010001001110100
00101100101011010100
00011110001101001100
11010001011100001100
11000001011010110100
00000010110101111100
11001001010100011100
00000111101101001100
00110011010001110100
00000000111111011100
00011100111100001100
11101010010001100100
10011000000011111100
00001101111100100100
00011001010111001100
11110000100101100100
10100110001010101100
00000110111011001100
00001000110111110100
00010100110011110100
00011101001010101100
00001011111110000100
01010011010010101100
01110010011001100100
01010111101000010100
01011011010011000100
00001001001011111100
10101110001100010100
10111010110000001100
10001011100100011100
01100001101101010100
10011101010000101100
10111010010000101100
00100000011111011100
00100101100101011100
00111110000011001100
01001101100001101100
00010110101000111100
01000100111010011100
11000011110101000100
11011110000101000100
10100101010011100100
10111100100100001100
00100010001111101100
11000110000010111100
11001010111100000100
10010010101110100100
01111000100011001100
11101000100010110100
11110000101000110100
11010000001111001100
11110100101010000100
01000010001111011100
01101100100001101100
00011111001000011100
10011001000100111100
10101100010110001100
00011000101111001100
11100010110000101100
10000001011101011100
00110110100010110100
11010010011001010100
01011110001100100100
00110101001011010100
01001100111010100100
10100011101010001100
00111110001010100100
10100010001111100100
00110110000110011100
01000011011000111100
11000110000111010100
10110011010010010100
11001000010101011100
10101111100010100100
00110001111110001100
00010101101110101100
10100110011001000100
10011000111100000100
11100000111000001100
11000100011010010100
01111011001010001100
00111010010111100100
10001011101100000100
01011001100101101100
11101100100011100100
01000111000000111100
10001110100111001100
01010100000011110100
00011010010100110100
11100101000010001100
10100010000101101100
10110101101010001100
10010010111010110100
01010100010110010100
00101100000110110100
11100000110011101100
00000011111100111100
10001111001101010100
00001001111001010100
10001011110010011100
00111001111100100100
11010011011000101100
11001000011110101100
01100110110100101100
01000010101011100100
11110011010001010100
01011100011001101100
11001101000011101100
01111011110001000100
10101010110110101100
01111101110000101100
00000000010110111100
11111011001110000100
00100111100010111100
01011010010010111100
01110000010100001100
01111101100000011100
10111001100110110100
01100101010101000100
11100110010110110100
10001110110111100100
01000101110000010100
01011101001001111100
01001010010001010100
10000011101111110100
10000101011110111100
01000110000001101100
01001011111001101100
11010000101001000100
00010000110100101100
11100011010110011100
01110100011011001100
10001000000110011100
00101110000000110100
00101111011100101100
10111000010101011100
01111011110100010100
10111101000100111100
01101011001111010100
11001100111100110100
11100101001011011100
00000001111001001100
11010111011100001100
10000000110001110100
00010111111011100100
01110010100111110100
00101010111010111100
10111101110001110100
11101011101101100100
01010011101110111100
01010110010000001100
11101001110111010100
00111101101011101100
10100111001111010100
10111001011111100100
00010010100101000100
11011111101011000100
10001000000011010100
11011101111000110100
00011111100111011100
00110000010101000100
10101011010111110100
11001010111011011100
10010111101101110100
01000100100110000100
11010110111011101100
01111111000011111100
01101101011111101100
01111101101111010100
11100111000111111100
11111000110111011100
11101110101110100100
11111100110010111100
00100011000000100100
11110110001111101100
11111110011100101100
10000010000010010100
00000010001010000100
11011011111000111100
10110111011110111100
01111110101111110100
11000111101111111100
01101010111111111100
11001111111101111100
00111111111111101100
00010000100000010100
10111001111111101100
11111111111010011100
11111111101101110100
00000001000100001100
11111111011111110100
10001100010001111100
10101000110001110100
10101000011001101100
11110100000100011100
00110111110000100100
10100110111000010100
10100001011001011100
10010011001110010100
01000111101001100100
01011000110100011100
10111010001000011100
11100100010001110100
01100010111001010100
10011101110010000100
10100001011110100100
11010011100010010100
01100101011010100100
00101111000001011100
10100101100110100100
10100011111000010100
01001101010011010100
01010001101011010100
11010000100110101100
00111011000100110100
11100100000111001100
01111001010010100100
01100110100101100100
01001110000110110100
00001011010011010100
10111010100000110100
10010010011101001100
11001111010100100100
00011101000101011100
00010011011100011100
11101001001001000100
01011011010000010100
11100101110000010100
00111001010101000100
10100101110001001100
11100011001110000100
11101110010100000100
00000010101011101100
11000101001000110100
00100111111111000100
01011011111001000100
11001000001010001100
01100001001101100100
11000111110010110100
11110000011100110100
10000001111011110100
00111111010000011100
10010100110000110100
10011100000001001100
11011111100101000100
00110101000001001100
00110101110101110100
00001101001011000100
01011101111101001100
10100011010000001100
00101110110011011100
11111001111010000100
10011010111001111100
01110101101001111100
01001100111101011100
01110100001000000100
00101111110111010100
10100000010011000100
00101011011101111100
10111110110101110100
11000100000000010100
11001000001000000100
11000101111110011100
01110111111101000100
10011001111101111100
10111111010111001100
11110001101111101100
00100000010100000100
10011011110111111100
10111111111001101100
00000000100000100100
11000100001011001110
01000101100001111110
11110000100001110010
01010010111100010010
00110110110110100010
10101010110110000110
11110000011011100010
10011110001101000110
00111110000001111010
01101010001100101110
00010110001010110110
01111101000001100010
10111001110000011010
10010111010000011110
01101101011101000010
10010111000011110010
00101111000011011010
00000011011111000110
11001001010110010110
10011110101001010010
01100010110110000110
10010010010101011010
10000010101010111110
10110111000000100110
11100110101100010010
00101011101100001110
01001100101100010110
00100100011101011010
11100100110000001110
00010111011110100010
01101011000111001010
00011011010010111010
01101000011001100110
01111010010001001010
01000000111110110110
01101001100011001010
10001101110101100010
11010100110000110010
10110100000100101110
01000001001111111010
11000110001111000110
10101110011000010110
00001110110010011110
00010100000111111110
00110100111010011010
01011100101011000110
01100011111000100110
01010011100010011010
10000011111011100010
11000001001111101010
11010101000000110110
00111101000110011010
11011010100000111010
00011111010010000110
11000011100001101010
10001110000100011110
11101010001000110010
11001000100101001110
00001110111001001010
10101001110100100010
01100100110101001110
01101011010001011010
11011001010001001110
11100000000110101110
01000011000111101110
00101100101011011010
01001110010111000010
00001100101001011110
10000101011001100110
01101001101100011010
01001100011100111010
00100101001111100110
01001101111000010110
01010000101011101010
11100001100010010110
10010010101110001010
10111101001000100010
11011111000100001010
11110001001001100110
11101101011100000010
10100011000011001110
01010010010101111010
00010101010100101110
00010001001010111110
11100000010110111010
00010011110110010010
00001010101100110110
10101001010110001110
11100010101010100110
00011001110101010110
01100100110011101010
10101010001110110010
11011010000011100110
01101000111010110010
00000011111101001010
01010111100011010010
11110010000101010110
00011001011010110110
10110001011101001010
11001011000110100010
00110101010010010110
11000111010010001010
01100010000010111110
11111000001100100110
00010100111001110110
01110001000101110110
00101001001100111110
10001001001101011110
01001111010000110110
10000001101101111010
10101100011001100110
00000111001101110110
10011001011101000010
01000100101011010110
11100010011111000010
10101110000001011010
00100101001010101110
10111001000001010110
10101110001000101110
01010010110011000110
01101111010001010010
11011000111001001010
10101000001111001010
10100010110001110010
10100001101100001110
00010110001111001110
11100111000100100110
11100111111000000010
00001010111011010010
10001000100111111010
10001000110011010110
00111001000101101110
00101101100111100010
01111101100000001110
00100010111100011110
00110001011011000110
01011010001110011010
10110100011010101010
10100110100001101110
10101110010010010110
00101101110010100010
10100011010100111010
01000100110110010110
00110011001111001010
00110010110011011010
00100011110011000110
10011010100111010010
01111001001010110010
00000101110011001110
10110110100100011010
10001011110100010110
01010011001001011010
11111010000000011110
00001111100110101010
00110001111000011110
01100011001001011110
01010011101010010110
01001110001110010010
10110011111000100010
00011010011001001110
11111000011100001010
11011001100100010010
10000111110101001010
11010000000011111110
11011010010100001010
01011100110110000010
01010001111000110010
00111101010011001010
01101010010001101110
11000100101101100010
00001101011101001110
00110000110100101110
00111101101101000010
01001001100101110110
00001100110011101010
00110011100010000110
10110000101001010010
10100111101010110010
10010000110111111010
01000110010001010110
10001101110100101110
01000011001110000110
10000100111011110010
01011011110000001010
10111011100100101010
01110000011100010010
00100101110101000010
10011001100011011110
11110101000100111010
10010100110100000110
01000111111001101010
00101010010110010010
01101000111001111010
11111001010101010010
10000011010110101010
01110000100011010010
00011010101000101110
01010101110110101010
11011100011011001010
11110110110010001010
10111001101010011010
10101100110101010110
01010101100111100110
00010001100011100110
10100100000011111110
11000101011001011110
10010111001001111010
10000110000110100110
01111001100111000110
11001000011000011010
01001111001100000010
00111000100010101010
01100011000101000110
11011100011100110010
10010001011100001010
10010101010001010010
10101100011001111010
00010111101100111010
10110000110010111110
01110100100110110110
10100110000110001010
11001110101001011010
10100011000001110010
01101001110110110110
00111001010000010010
11011011000111101010
01010010000000011110
00001010001110000110
01011011111100100110
10110111100010101110
11101110100001010110
01101111011100100110
11010000111100111110
01010111101110001110
10001111111000111010
00110001000110000110
11000100000100001110
10001001011110111110
00001000100110101010
11101000101111110010
11010111001110100010
01110110010101101110
10001111110111001010
10101101101110001110
01110000101010000010
11001010110110011110
01111001011101011010
10110000001011000010
10110110100111101010
00010101000101100010
01110110010110110110
10100111101011001110
01100000000011100110
01101010111110011110
01001010000010010010
00000100010011001010
00001001011010100010
11011000110111101110
00100111000000001110
01010000000100100110
01011011011001110110
11011110101111001010
11001110110100111010
01110111011010111010
10011110111010011110
10000110010010000110
11101010101101110110
00011000100010100010
01010101111011011110
01101111001101011110
11001111101110110010
10111111110110010010
00011011111101101110
11111101110101000110
01111101111000101110
10110110101110101110
11110011111010100110
01110001010000000010
00000101000100010110
00100000000000011110
10111001111111100010
00000101000010100010
01100010000010000010
10011111011011110110
11101110010111110110
01111011111101111010
11111101111110001110
11111111100110110110
11110110011101111110
01000000010000101010
00000100001000100010
01101101111001111110
01101011111011111110
11111100110111011110
11011001111110111110
11000000001000000010
10111111111011011010
01111110111111110110
11011111110111011110
00111000000011110110
00101001110000011110
00110001101001111010
11000011011001000110
01001100100000111110
10001110101000001110
00111100101100100110
00001111100010110010
10011000001011010110
00111000100101011010
01111110010000000110
11100001010001111010
01011001101100101010
00000110001111110010
10111100000010101010
10010000001111110110
10000000111111001110
11000001011010101110
01000101110000111110
11001101000011101010
10011011100010100010
11000010101101110010
10011100010010101110
10010100100110111010
00011000110101100110
00101011100101110010
10110100001110000110
11000100101110011010
00010110111101100010
11101001000001101110
11111001100001000010
10110010010011100010
01011100010001110110
00000011100011011110
00101110111000101010
10001111100001011110
01100010010001111110
11011101001110010010
01110010001110101010
11000101110000100010
11011010001010111010
10100010101101101110
00001100011011001110
00101010111010101010
00010111101100000110
00100011010111101010
11010001010010001010
00011101111011000010
01011111010100101010
01011110111000100010
10111111000101000010
11001111000101001110
11000110100101000010
01011111001011100010
01011111011011001010
00111000011111100110
00100101010000011010
01111010010110010110
10010111010111001110
01100101011110011010
01110111110100011010
00010110111000000110
01010001001101000110
10110010111101010110
00101010001100100010
01101111110010110010
11010101111011001010
11101100100000000010
11001011111010110010
00111111010010110110
11111101001100011110
01001000100010000110
11111100101010011110
11110111101010000110
10010011011110111110
00011011000000000110
10101000011101111110
10101110001111101010
10011111110001100110
01111110110111100010
11101011110110101010
01011110001011111110
10000100100000101010
01110111101001110110
10001101111110111110
01100111101111011110
00010000001100001010
11111111011111000110
00000111011000111101
10110010110110000011
01101001000011111001
10101010000001111101
10111000011010010101
10011110001110000101
10010000011111010011
00010001011100101111
00011001111100100011
10000011010011010111
11100001010010010111
01110001100110100101
10010011011101000011
10100111000010110101
01011000100010111011
00100100011111001011
00100101101001111001
00000100110110111101
01101011100101000101
11001001101110000101
00110101101100001101
11100101000011010011
01000001000111110111
00011110001011100011
00110100100111011001
11000011010011011001
00110000111000111011
10110100010001110101
00001000011101111011
10001111011000010011
10011000100101110101
11010100001000101111
01110110001010000111
11000100010110101101
00101110100110010011
01000101101101010011
01011101000010001111
11100110000000111011
00011001110000101111
10110101010110001001
01010011001100101011
01110010001011010101
11101100011001000011
00100101111011010001
01101000011101101001
01010001110001111001
00110100100000111111
00011011110001001011
00101111010010010101
11100111100110000001
00000111011010101011
01111110100100100001
01100110101100100011
11101000001011000111
00001101101101001101
01000011011110101001
00100110110100001111
00011110010011101001
10101011100010100011
10011010001011101001
11010000010111001101
00000011111110010101
10011001001001110101
00111001101000110101
11001010110010011001
11100000111100010101
11100010010100011101
11011001010010100101
01101011010110010001
00100100101110010111
01010100011100011101
00110011101000100111
01011000001101010111
10011001011110000011
00110100100111100011
11000100010111000111
00001111010000111011
10011010111010010001
11011010000001101011
00101010111001000111
10001101010111100001
10001111100001101001
10100011110001100011
01010101110100000111
00101101001101100011
01101010000011011011
00101111101001001001
01100100000111001111
01111000011110100001
00110100001100011111
01100001111011000101
01110010100000111011
01001000101111011001
10001010001101101101
10101110011000000111
00101110000101111001
01011100010100110011
01011011100011001001
11010110101001010001
00111101010100101001
11111000000101011001
00101001001110011011
00000101010101101111
11001010010000111101
10001000111001010111
01110100010100110011
00000111100001011111
01010010111010001011
11110000010101100011
10100011011010101001
11110010100001110001
10000001111110101001
00001100101111110001
01111100001000100111
01101000001100011111
00110011001001101101
00101000110101011101
00001011011010001111
10011100001110001011
10000000101101101111
01000010110001111101
01100100011111010001
01000010111100100111
00100111011010010011
01000001110110110101
11010101101010100001
11010001111001001001
00011110100110010101
10101001110101100001
10010010010110110011
11010110000001101101
01001100010001110111
11001110001010001101
10101011010101000101
11000010000011011111
10101011001001011001
11011000000011101101
01101110100011100001
11010101100110000101
00100001111101010101
01100111000001100111
10101000001011110011
01010001011011100011
01000100011001110111
10111000100001101011
10110000001010011111
11000111100001001011
10100001101000111011
01010010100101011011
11101011000011000101
11010101001001010101
01100001101010101011
00001001100111110101
00100100101101101011
11000100101110011001
01011010111100000011
10111111000001010001
01111000000110110101
10100111100000100111
00110110111100010001
10011011000100100111
01010010010101110101
01010110000101011101
01010001010011101101
00111011010010011001
01111111000010000011
10010010110010101101
10011000111000011101
00010110000111101011
10001101000010111011
00111011010110000011
01011010111100100001
01000100111000111011
00011100010111010101
11000100100011101101
00010000111110011011
01010010010011110011
00001011100010101111
00011110100110100101
01110001101100001011
00101110001000111011
10010000111011000111
11111010000100000111
01010001100010111101
10110010101110010001
01110011101101000001
10100010101110001101
10011100000000111111
00001101101100011011
10100001011000011111
10000111000101100111
01011110111000010001
11100100010011001101
01101000111010001011
00011111100100100011
10010000110101110011
00110000011101100111
10000110010110111001
10011011010001001101
01100011010001101011
00010111100010110101
00001110001110001111
00100111100110110001
01000011100110010111
10011110101000010101
00111101010000010111
10110000001110110101
00010111001001001111
01100010111010000101
11101110011010100001
01000001110001100111
01100111010100000011
01111001110110001001
01000011001100101101
11001000101001110001
10011011011010110001
11010001101100111001
01001101001110010001
11011100010111000011
00111001101001101101
01111010011001010011
00100001100110111001
00010111000110100101
01100011011101011001
01110101101101100001
00110110001100111011
10000011100011000111
00111000001001001111
11001011101011000011
11100010100000100111
10101001000101100111
00111000010001100111
11101110110100000011
01111010010100101101
00000010001101110111
11011100100111010001
01101110101010011001
00011100110011101011
11011100001001110011
11110010000001001101
11100010110101011001
11001011110101001001
01001001100101010011
01000100000111011101
01101001100100010101
01110100000111111001
00000111010110001101
10110101101011001001
11011001110101000101
01011111011000011001
01111000001010111101
00001011110011000011
11101101010000110101
00100110111110011001
01001101010110011101
11000110111100100101
11000011110111100001
01110011100001001111
01010111011110000101
01011101000011010001
00101100100001101101
10110101001001011101
10111100110001110001
11110010100110101001
01010001000011110011
11010100010001001011
01010111110000110011
00011101110011001101
00000101010111010011
00010101011001110001
10011100001100000111
10000001001001101111
10110101101011000011
11010000100010110011
10000010011110010001
01110111100000100111
11001001001111101101
10001111011101100011
10100000110001100011
11110011011100010011
10110010100111001111
10100101101100000001
11010010101100111101
00001111000100111111
00111011000101000011
01000010110010010011
11001001111100100111
11001110100000000011
01111100110100110101
11111001110100010011
10100110100100001001
10001000101111111101
00101011010111001101
11001000110101000001
00111111001011000111
00101100011010001001
10110000010100101001
10111010111000101011
10111011010011110001
00101111001000001001
00000111010101001001
11000100000110001011
10001100011011011101
11011111110000100101
01010111000110101111
01100010001101000101
00011010010101100001
01000100110110000101
00001101101010000011
11100011110001110011
00011011001000001111
10101010111110100101
01101010010000100101
01111010000010111111
10010011100101110111
01000110000011000111
11100111001011101001
11111001010010101011
00000011101111111011
11001100100001000011
01010100111101101101
10111100011101000111
00101010001100010011
00010100110111011111
11110101011001001011
01011100001110111011
10110111001101001011
11000111001100111011
11001001010000000111
00101100101101101111
11001111001101101011
11100001110110111101
11001100111011111001
00101010011011111111
10010101111001010111
01110001101111010011
01101101010100101111
11011100101010111011
00111110101110111001
11011011110011010101
10110111110110100101
11100110100101111011
10100011111001111101
01111101110100101011
00000000010011110011
01100110101010011111
11100000111110101111
11000011001010000101
10011110011111110001
01101011111010011001
00001010010000101011
11100101100000000011
01010110101101101111
01110010111101011101
11101010100110110111
00011000011001010001
10101000101111111101
00111101111110010101
00101001000001001101
10011001101111110011
11111100100011111101
11010110110010110111
00110000000001101001
10001011010111111111
10101100000001100001
11101010011011111101
01001000010001001001
00100000111000000011
01100111011110111101
10010110111010111111
11001111101111010011
01000000101001000011
00100001001000010011
10010110000000000101
11101010011111110011
11010111110100011111
11111001011111001011
11011101101110010111
00111111101101101101
00000100111000000101
10111111110110010101
11011111011110011001
11101110110011101011
11000111010111101111
11011111111111000011
10000001000100010011
00010100000000001011
10111101011100111011
11111101011011001101
00111101111010111111
11110110111111110001
11111101111010110011
10011111111110111001
00000100010100010001
01101101101111111011
00000000000101001101
10010001000001000001
11111110110110011101
10000000000001000101
10111011111110110111
11111111111101001101
11100001001100101101
00010001101101101011
01001000001010111111
10000110101111010001
10101010010011001101
10110110000010111001
10111010010001010011
11101000101100100011
10011000110001101101
00011111001111000001
01000100110111110001
11100100001000111101
01110001010110010011
00111101000100110101
01101110001101000101
11101101000101000011
01011010100110101001
11000111110100010001
01111000110010010011
01001101101000101101
01101100110000011011
11101000100110001011
11110011000010001011
11000110011011100001
11001100101010100101
10101100000010110111
11011101000100001101
11001000110000111011
10100101100101011001
00110110101010001101
11001101001100101001
10000100110100110111
00111110110001000101
01010111010010011001
01011001001110110001
01000110111001001101
00100001111100001111
00011100100011010111
11111000010000011111
10010110101100010011
11110100011010010101
10100000010111110101
01010000001011011011
10111001001011000101
10100011111000110001
01100110011001110011
10001000100011001111
01001001011101000111
00010101001111000111
01111011010010000101
00110011001101011001
10011010101000000111
10001101000011010101
01010010001101111001
00110111101011010001
11111000000110011001
10010011101111000101
11110101100000100011
11010011011100001001
11101001100000111001
01100101110000110101
10011001010011000111
00011101010011001011
01000111101010001011
11110011110001000001
10101010001111001011
10000000011101011111
01000011110101011011
11000001000010111011
00100111011001000101
00111000001010100111
11011001111000001101
01100111011000100111
10000011001101111011
01101011001010010111
10011110110101001001
00101010011110111101
10110111101011100001
00100110010100001011
00110100111010100111
00001001101000011111
00001101011011111101
10000110111001111011
10101101001110010101
00101111111000011011
11000111000101011101
10000000010100111101
01110101110000011111
10011000100100011011
01011101100000000101
10111000111110001101
01101110110111001001
10111100110110100011
00111110000001001101
00110011011011100111
10101101000111010111
11011100111001010101
10001110001100100001
00001010100011100011
01001000100110100101
11001010101111011011
00000100011010110011
00000110010000010111
11110110011110011001
10100000110000100101
01011010100111110011
10110001011111011001
01111111100111010001
00010101011011000001
10000010101100000111
00110000001000011101
10010001111110110101
00000011110000001101
01101011010111101101
10011001010000001001
01100100011101111111
10010000100000111001
00111111101011100101
10110011101111011101
00111110111111000011
11011011101101100101
10011111101100011011
11111001110111000111
00010001110010000001
11111111001101110001
11110010010111110111
10000110000000010011
10110011111100111111
11111110011011100111
00000100000010101001
00100111111111110011
11111011110010011011
01111101000111011111
00000001000100110001
01111110011110111111
10110111111011111101
01000000010000001011
01111101111111100101
00001100001000000001
01111110111001111111
11111011110011111011
11111111011111110101
11101111101101111011
