# A309370 a(14) >= 257: Sidon set in {0,1}^14, found by Vela multi-strategy construction search (Jun 2026; previous best 237).
# 257 vectors, one per line. Verified by verify.py (B_2: all 33153 pairwise sums distinct).
00000000111001
00000001110010
00000011111010
00000100101001
00000101010111
00000110101111
00001001100110
00001010010011
00001011010010
00001110101010
00010000000010
00010001010101
00010010010011
00010010101001
00010101101011
00010110010111
00010111110100
00010111111111
00011001001000
00011001110001
00011011010101
00011100011011
00011100101100
00011101010110
00011110011100
00100000000001
00100000010111
00100001101101
00100010111111
00100110110100
00100111011000
00101000000100
00101000101110
00101010110000
00101010110010
00101011011100
00101101101111
00101101111000
00110000001101
00110001110000
00110011000110
00110011011011
00110011100101
00110011110001
00110011111001
00110100000111
00110101001000
00110110001010
00110110111010
00111001001011
00111011001101
00111100110011
00111111011110
00111111100011
01000000111110
01000001001010
01000010000101
01000010110110
01000011011111
01000100001110
01000101110101
01000111100011
01001000001110
01001001100011
01001001111001
01001011001101
01001011010100
01001011100001
01001100001100
01001100100010
01001101111110
01001111100010
01001111111001
01010000000011
01010000010110
01010000111000
01010000111011
01010011100011
01010011111100
01010100010000
01010100100101
01010100101100
01010101111010
01010110001111
01010111111111
01011001100101
01011010101011
01011011000110
01011110010101
01011110111101
01011111010011
01100001010110
01100001011000
01100010000110
01100010100111
01100011011011
01100100010010
01100100111111
01100101101010
01100110111110
01100111011110
01101000110001
01101001101001
01101001111110
01101010000011
01101011101110
01101100111111
01101101001100
01101101010101
01101111010110
01110000010101
01110010001000
01110110011001
01110111000011
01110111000101
01110111110001
01111001000010
01111010000011
01111010011000
01111010101111
01111100011000
01111100011001
01111110000011
01111110100000
01111110101110
10000010110000
10000100111000
10000110001011
10000111011011
10001000010101
10001001001001
10001010110001
10001011010000
10001011011100
10001011110011
10001101011111
10001101100100
10001110000111
10001110011110
10001110100000
10010000110011
10010001100100
10010010001000
10010010001111
10010011001011
10010100001100
10011000011111
10011001100000
10011011100010
10011100001011
10011100100110
10011101001100
10011110001011
10011110110110
10011110111010
10011111110111
10100001001110
10100010001100
10100010100101
10100010111011
10100011100010
10100101001101
10100101010001
10100110001101
10100110010010
10100111000000
10101001111001
10101001111111
10101010001110
10101100010000
10101101111011
10101110100101
10101111101110
10110000000100
10110001111000
10110011010110
10110101000111
10110101101011
10110110101101
10111000100111
10111001111110
10111010011000
10111010101000
10111010111101
10111100010101
10111100110011
10111111101100
11000000101100
11000010011101
11000010101011
11000010110101
11000010111111
11000100000101
11000100101010
11000101101100
11000110000001
11000111100000
11001000011000
11001001001011
11001011000101
11001100010111
11001101010111
11001101110001
11001111000010
11001111101101
11010000111101
11010001000100
11010010110011
11010011101110
11010100011010
11010101001010
11010101011001
11010110000100
11010111100011
11011000101111
11011001011011
11011001011111
11011010110111
11011011110000
11011100010000
11011100110000
11011110101000
11100000001110
11100001000011
11100001100101
11100010011101
11100100001011
11100101001000
11100110010001
11100111110101
11101000110011
11101000110110
11101010001001
11101011011111
11101110010010
11101110111100
11110001110110
11110010101010
11110011001011
11110100110110
11110101000001
11110101111110
11110110100010
11110111110111
11110111111000
11111000100101
11111000100110
11111000110111
11111001001110
11111001010000
11111011001101
11111011100100
11111011101001
11111100111000
11111101010111
11111101100011
11111111111011
