# A309370 a(16) >= 503: Sidon set in {0,1}^16, found by agent-FunSearch (middle-weight structural priority + ILS)
# 503 vectors, one per line. Verified by verify_sidon (126756 pairwise sums all distinct).
0010110111100001
0101110001110001
1101100001110001
1111001110000001
0010010101111100
1100110001010110
1110010101001100
0001111101100010
1001110010100110
0110100010011101
1001110101101000
1110010010101001
0100010100101111
0001111000101011
1110000001011101
1011100100110100
0010101011001011
0111011010000011
0010100011111100
0101101111000001
1101101010100010
0010011101011100
1011010000101011
1011100100110001
1010100001101011
0100010110010111
1011110010000110
1100100101010101
0000010101111110
0000110110111001
1101100101010001
0010111010010011
1100110001011001
1011101010001010
0001100010111101
0011001100100111
1011010010000111
1001111011000010
0100001110110011
0001011110101100
0110010101010011
1101011011000001
1100001111001010
1011010010110001
0100110101100101
0100001011101011
1000011111010001
0111001001101010
1101011101010000
0011011101100100
0010100110111010
1010010001100111
0110101100110001
0011011110010010
0110100101111000
1010111000100011
1110110010010100
1010010110000111
1101000001101110
1011100100111000
1000110110010110
0110010111110000
1010110011101000
0000101000111111
1110000011110010
1010110000111010
0110001000011111
0110110001100110
1010100000111011
0001011010100111
1001001110110001
0011100111100010
0100010111101100
1110101001100001
1101001101001001
1000011101100110
1001100101001101
1100100110011010
0001101111001100
1111000001010101
0110010110010011
0001110001011110
1101010010110100
0000011010111110
0110101010011100
0110110011001001
0100011110100011
0001011110010101
1000100101110011
1001100001011011
1011101110010000
1001001100011110
0110001011110100
0111010101001001
1101010011000101
1110001100101010
1011011101000001
0001001011100111
1111000101110000
0111100000101101
0011101001011010
1110100010010011
1000110011011100
1111001001010010
0011110011100010
1011101100001001
1101111000100001
0111100010010011
1000111001100110
1100100011100011
0011001011010011
1100001011101001
0101110101000110
0100001111100101
1011001100001110
1110001010100101
1000010101010111
1110010000011110
0010001011001111
0001010111100101
0010101110010101
1110010011101000
1110100100100110
1100011000111010
1001011001100101
1110000011010011
0111110001001010
0011100111001010
0100100100111011
0101111001000110
1010011010101001
1101001100101100
0001011101001110
0111001010001110
0110010110110100
0010111100110100
0110110000011101
1110001101011000
1011000000110111
0111000000011111
1111000001001101
0110011100101001
0111000011111000
0101110011011000
0011010110111000
1100101100101001
0011110000101011
1011000010101110
1110010100011001
1010011000111001
1101111000001010
0100011011111000
1011001010111000
0011010111000011
1001011011001010
0101101001011001
0001111110110000
1000111110100100
0000001011111011
0000011101110110
0010000111111001
1110001110100100
0011110001000111
0100000111101110
1101010100101100
0000101011010111
0111110000100011
1011101001010100
1101010110010001
0011100110111000
0101000111011010
1111000011100100
0101111010001100
1111011000010100
1100010000011111
1010110000011101
0100111011100100
1010001011010101
1001001101010110
0001001011111100
1100111101100000
1010101101101000
1000000111011011
1011010101000110
1011100011001100
0011111100000011
1010101010111000
0001001110011101
1110101000000111
1000100011110101
1001011001111000
0011101001010101
0001010010011111
0010101101001011
1001000100111011
0011011001110100
1110101010001001
1001111110000100
0110101010100110
0100101011011100
0101101100101010
1100110110001100
1101010011010010
0100101101001011
1101101110000100
0111001100000111
1100110111000010
0111100110010001
0100011001110011
0101111000101001
1101000100100111
1000110100011011
0001000100111111
0110000101101011
1011001001101100
0110111010110000
0110111100001100
0101001110101010
0101101001110100
1101100000101101
0001101111011000
0011010100101101
0010011101101001
0011001011011001
1100000110110101
0000111111011000
0110101101100010
1010100110001101
0111001100010110
1100111001010100
0010111100110010
0101010011001110
0101011000111100
0011001101110001
0101011000110011
1110110001010001
0101001010100110
1110110001011100
0101111000101000
1111000101111000
1111101010100010
1000010111011011
0010101000110101
1110110111000001
0010110011110110
0010101101001001
0011101111010001
1110000101011000
1001110100001010
1000101111100101
1100100101110101
0010011100001110
1101111101010000
1000001100111010
1011011111000100
1000010110110010
1011101001001101
1010110010110110
1001000010010111
1010010100010011
1110001010000011
0100111100010100
0011110110000100
1000110101101011
0010110111000010
0111010110110100
0100100101110100
1011100010100001
1111101011000010
1011000101101000
1000100000111101
0010101110000101
0000011110011111
0111101100010000
1100011110111000
0110000011011001
1110001011001110
0110101101101001
0011100111100101
1110010010101110
1110111010011000
1101000101001100
0011111100101010
1001011100110101
0001011001010011
1000101011001100
0011100110001111
1001101010111100
0011001001011100
1100000100110011
1011110001000001
1001100011110011
1010110011010000
1010011000100110
0100100010101110
1001101001000011
1111001110000101
1001011001011101
1100000100101101
1000000111101111
1000101101011110
0100110110000101
0111010001100100
1110010001100001
1101010100001111
0100101001001110
1100101101011010
0001011001110111
1101100001000110
0110101111100010
1100111110010010
0010110001111110
0100011001010101
0010110101001111
0011011110000001
1011000110000011
1000101111000111
0101110000111011
0110111101000011
0110011000010011
1001011010111001
1000100010011101
0100010011011001
0010100111000110
0100110000100111
1011100011100110
0101100110110011
0010000011111010
1001111010011001
0111111000010110
0111110010101001
1011011100010000
1110011100110010
1000001110001110
1011001001000110
0001100010110011
0011001100111110
1010011011110100
1011101000100010
1011100001100111
0010001110110111
0000100111100101
1100001111011100
1101110101100010
0110011011000010
0001101000111001
1000101011101101
0101111110001010
0010001111010100
1110010100101011
1101100110010011
0001110011101101
1010111011001001
0110111000101101
1010101100110011
1001111001101001
1010101010100010
0100010010011110
1101110000101000
0101110100100111
1010111001001011
1101100010001010
0101010100010101
0000110101001110
0101011010001001
1010011001110011
1111100001110110
0100101000101100
0101100000111000
1000000011110100
1000000110110100
0000110010001011
1110100000001001
0010000010110101
0010010001110001
0100001111111101
0111000101010000
0000001101001110
0001011110111101
0001001000100111
1010000100010110
0110100111011101
1100000110100001
1000110110001000
1000001111100000
1001101000010001
1100101101100111
1100011010100100
1100011011000000
1010000001011010
1001010000000111
1110011011101100
1001110100111110
1110001110101110
1000011001100001
0001100001101100
1010000111111011
0100000011100110
1100100010001001
1011000111011110
1101010101111100
1011011110101010
0100110010010010
1001000101100001
0110001100001100
0011011011111100
1101011111100010
0010001100001101
0011010100001010
0101101001111011
0100110100100100
1011010111100101
1101101010011110
0110111011100011
1111111100001001
1010110101001111
0011111110010110
1100011000111111
0000101010101010
0011110010000010
0101111010011011
1010111100000000
1101110111001001
0010100000001111
0110101110110110
1111011100011001
0101001011111010
1011111010110001
0101110001000100
0001101100010001
1110011111000101
0100000100011110
0110110001111011
1011101111010010
0100010110001010
0110001101100000
0100001001011010
0000111000011100
0111000001001000
1110111010110011
0000001110000101
0001101111011111
0010010010010100
0010111111111100
0111000111101111
1100110111011110
0001110100100000
1111000111011110
0101010010001000
0000100011010010
0101000100000011
1111001111101001
0101111101111100
1000101010000100
0110101001101111
1111111011000110
1110110010011111
1110011010111110
1100010111110111
1100101111011011
0110001110111111
0100100101000001
1000000001001011
1111101100110110
0011000111000010
1101110110111010
0010010011000010
1100000110010000
0110000000110010
1010001000010100
0111011011101101
1100000100010100
0000010111000100
0111111110001101
1101111001001111
0110010000001001
1111111100010110
0101111101111011
0111101101111110
1111011100110111
1011111011110101
0010000101101000
1001010000010010
0000010100000101
0010110100000100
0000101000000011
0101000010000010
0100000011100000
0111111111010011
1111100111110101
1100000000100100
0101010100000000
0001001100000001
0101000000100000
1111110111111010
0010001100100000
1000000001010000
0111111101100111
1011110101111111
0110111111111011
0000011001000000
1111111011110111
1110111111101111
