# A309370 a(12) >= 133: Sidon set in {0,1}^12, integer componentwise addition.
# 133 vectors, one per line. Generated from the canonical Vela record;
# re-verify with: vela reproduce examples/sidon-sets/witnesses
000000100111
000001001011
000001111110
000010000111
000010011110
000010111100
000011101101
000100001110
000100100011
000101000000
000101001000
000101111011
000110100010
000111011110
000111100011
001000010001
001000011111
001000100110
001000111011
001001110110
001010011000
001011010000
001011110000
001100000101
001100010000
001101001101
001101011001
001101100011
001101111000
001110011001
001110111010
001111101110
010000001110
010000101001
010000111110
010001000111
010001010000
010001010001
010001101101
010010100000
010010111010
010011001010
010100000100
010100111100
010110010100
010110010111
010110101010
010110110001
010111000011
010111110000
011000000010
011000101100
011001111001
011010001101
011010110011
011011000111
011011010101
011011011010
011011111101
011100011111
011101010110
011101100000
011110001011
011110111001
011111101110
011111110010
100000000001
100000001000
100000011010
100000100100
100000110011
100010001110
100010110011
100010111111
100100110011
100100111101
100100111110
100101001010
100101110001
100110011001
100110011100
100110100100
100111000001
100111011001
100111011111
100111110110
101000001011
101000010100
101001111010
101001111101
101010100000
101010101010
101011001000
101011100111
101011101101
101100011000
101110000011
101110010010
101110100101
101111000101
101111101110
101111111111
110001010101
110001110000
110001110010
110001111011
110010001001
110010101101
110010111101
110011010110
110100100111
110101010111
110101011010
110101101000
110101110100
110110010001
110110100101
110111101011
111000000000
111001001111
111010000111
111011010010
111011101010
111011111001
111100001000
111100010011
111100101001
111100101110
111100110100
111101001010
111101110010
111110110110
111110111000
