# A309370 a(19) >= 1397: Sidon set in {0,1}^19, agent-FunSearch priority+seed cascade
0101011101101001000
0010011100011100100
1100100101110001000
0101101001101000100
1001101011011000000
0100111110010100000
0111011010100100000
0110100111010000100
1000101010100110100
0111110000110010000
1100110011001101000
1101100110000101100
1100100001101110000
0011001001011011100
1100110110011001000
0110001010011100100
0101111100101001000
1010111110110000000
1010100101000011100
1101110101001001000
1011001101101010000
1110000111001000100
0100110100001111000
1111100001001010100
1110011010000110000
1111101000000110100
0110101101001010000
1101010100100101100
0110010001011110100
0010110001110110000
0001100111101010000
1110010010001010100
0000110101110101000
1110001001010110000
0100101010101100100
1001000011101001100
1111100111000010000
1011011011110000000
0001010111100110100
0111100001000011100
0011001010011101000
1010011100100110000
1000000111011111000
0011111011001100000
1001101111100000000
0011000101010110100
1100110001011011000
1010010100010011100
1101001101100011000
0110100000111011000
1100111110100010000
0000011111111000000
1101001100010100100
1001110101010001000
0111100001000111100
1101010001101011000
1010100110101001100
0111001000010011100
1101010011110010000
1011101010000001100
1011111000010000100
1100110000101110100
0011000011011011000
1000101110001111000
0011111011001001000
0110101010010010100
0011011111010100000
1000110011011100000
1011001111000010100
0101101001010011100
0011100001110110000
1110110001000100100
1011110101001000000
1000001110011010100
0100111010001101000
0001011001100110100
1100000111010111000
1111000100100101000
0001010111011010100
0110110000111001100
0111100010000011100
0100111101101000100
0000101011110011100
0101111010001001000
0011110010011101000
0100110011011001100
0011011011100100100
0001100110111001000
0110111011000011000
1010101110011001000
1000110100101101000
1101011101001100000
1001110001111000100
0000111100101011100
1000111110010110000
0000100110011110100
0100100010111101000
1111000110010001100
1100110001101011000
1001101000001111000
1110101000101100100
0100101110111010000
0000111011100111000
0010000111110011000
0100111011000110100
1011111011000000100
1101001111100010000
1000010110111001000
1111010010100010100
1111001111000000000
1101011011000101000
1000101111110100000
0000110100101011100
0111100010111000000
0110101111100000000
1110000010001101100
1110101001100001100
1110101110000101000
1110001100111100000
0011010001011101100
0101110001001100100
1100001111001001100
1101100101100001100
0011011000111011000
0101001011110001000
0010001101001011100
1010111100010001000
0101011001101000100
1001110100101110000
0011100110101000100
1110101010011100000
1101001110010000100
0000100110111011000
1110010110111000000
1001111101000100000
0010000111011100100
0100011101110011000
1101110000100101000
0100101101100111000
0010110010101011100
0100011100001011100
1101001100000011100
1001011000010111100
1000100110110101000
1000101100011111000
0000111111001100000
1000111010110010100
0100011110110010100
0011001110010111000
0010010011011101000
0110011101101001000
0011101000110101000
0010110101110001000
1100001001101101100
0001111101000110100
0010000110111111000
1011010010111010000
1000111010101100000
1001000011110011100
1010000101111010100
1101001110110100000
1100101011110001000
1100111000100110000
1101011100010000100
0101110000010111000
0110100110110100100
0010101110011100000
0110111000010111000
0111100000101101100
1001111101110000000
0111010000110100100
1101110101001000100
1011010010011001100
1010110111001001000
1110000010101001100
0111110001010010000
1100010010110101000
1011001100001101000
1100000001100111100
0100101111000111000
1010111010100100000
1100110010100011100
1110111100000011000
1110111001101000000
0110111000110010100
0010101010110110000
0101101000101101100
0011010110010110100
1001010010010111100
1001010001010011100
0010101011010011000
0001111100011000100
0110001011001001100
0111010001111100000
1111101110100000000
1011100100110001000
0001000111110010100
0011111011000100000
0000011101011111000
1101110001011000100
0010111111100000000
0110101001001011000
1111110100000000100
1001011100011100000
0101001101001010100
1001001001001101100
0110110010100100100
0111100101011000100
1011100010101100100
0010101110100101000
1010011110000101000
0010111011100010000
0110010001011110000
1111000010101001000
1000101111000111000
0110100010010111000
0111010101000001100
0111011110010001000
1011100110100001100
1010001010100111100
0001001011010110100
1101110010110000100
0011100110010001100
0100111010111100000
1011010010100100100
0000101110010111100
0110101010111100000
1000011101011001000
0000100101100111100
0111011100001101000
0011001001001111100
0100001011101110100
0001110001101001100
0001101110001101000
1101100100110010100
1011000110000111000
0110000110011010100
0101001101011000100
0101001100111110000
1101011100001100000
1110001000100110100
1011110110100100000
1001000011101110000
1100010101100100100
1100011110110000100
1000100101001111100
0101010110011110000
0111001010001010100
0110011001000111000
1110001100100011000
0010100110101110100
1011000110001110000
0001100010001111100
0011001000110111100
0110011010100010100
1011100001100011000
0010111001101101000
0000100101101101100
0110110101001011000
0011010111000011000
0101101100110010000
0100110010111000100
0101100000011111100
0001111001100011000
0100100110110110000
1110010101100011000
1101101011000001100
0101101110101010000
1001101101010110000
1100010010100101100
0011110101110000100
1100011001100001100
1101100001110110000
1011000001010110100
1000110110000111100
1011001001100011000
0111001100010011100
0010011001111101000
0110010111000100100
0101011100110011000
1000000111111100000
1000011011110010000
1111010000001110000
0111011100000110100
0101101011100100100
0110101101011000100
0011101101110000100
1101011011000010000
1010011100011110000
1100001100101101000
0000011011110001100
1000010101111001100
0011100010110011100
1010000101011001100
1000010101110101000
0001011011010101000
0100011011001011000
1011010000111001000
0010110100011010100
0111000101100101000
0000011011110101000
1010001010011011000
1010011011010001100
0001111100100010100
0011101001001101100
0000111101100101100
0011110100101011000
1110001110100100100
0101010111011100000
0110100011101010100
0100110111010001000
0000111010011111000
1010100111010100100
0011100110100111000
0010011001011110000
1000001011001011100
0010111100001111000
1111001010100100100
0000011001111111000
0001010001111010100
0101110100101011000
0101010100100101100
0001010001110101100
1110101010001001100
1001010011011010000
1000100011101110100
1100101001011100000
1000101000110011100
1010101100001110000
1111110110010000000
1010011100010010100
0110110100010101100
0001001111110100100
1001100100001111000
0111100101000011000
1101110011001100000
1001000101101110000
1010101001011001100
0010110101101110000
1110110001110000000
1010010011100010100
1101100010010111000
0100000111111010000
1011000101011100000
0011101110101001000
0011100111100110000
0001111000010011100
1101001011011100000
0001011100110111000
0001000110101011100
1011110010110001000
0011110001101010100
0101100010001110100
0110110010111001000
0011110100101100000
0111001110001100000
0010001111100101100
1101110011100000100
0101101010110110000
0001011100101001100
0001011010001101100
0000110101110110100
0000111011010010100
0100000100111110100
1111100101010001000
1001001000011011100
1110010001101101000
0010111001010111000
1001001100111100100
0000101111001011100
0111101000011001000
0011101010001010100
1101011010101000100
1100010110010110100
1000011001111010100
1101101010001010000
0111101001011100000
1010010111001100000
1001011101001110000
0101001000111101000
0101010011100111000
0110000101110011000
0111011010110010000
1110000101010110100
1100010011101011000
0100111000010011100
0000011111100010100
0010011110100110000
1000101100111001100
1110001001100111000
1011011010101010000
0101010101010011000
1001001011011001100
0110001100111001000
1100101001010100100
0000100011111110100
1101111010000001000
0010100011100101100
1001101001100100100
1001000111010101000
1010001101010101100
0100001101111001100
1101011100100010000
0110000001111010100
1010111001000110100
0000100010110111100
0011001011101010000
1011110100000110000
1001100111011010000
0010100101101101000
0001011110100110100
0011010110000011100
1011111000001000100
1101111010101000000
0101010111010001100
0101000100001111100
0110010001111100000
1101010001110101000
0011110001100111000
0111000110100010100
1001010110001101100
0111010110001000100
1000011000101110100
0101100010110001100
1101010100101100000
0011111000010101100
0010001101101110100
1010010111101010000
1100011101010001100
1010001001111101000
1100001111010001000
0101100111010110000
1001010111001011000
1011001001110011000
0110111100110000000
0001010111000111100
1001010000101111100
1000111100001010100
1110001010100001100
1000110001101011000
0000111101001001100
1111010100100100100
1000000101110111100
1011011110000001100
1111000101101000100
0110011001010100100
1100101110001000100
0010111100110011000
0110000100011111100
0011001010100011100
0001101000011101100
1010110011100101000
1000110000011111000
0101111111000000100
0100010111000111000
1001010000110110000
0110100101010001000
0001101011100001000
1110101110110010000
1001111011110000100
1011001010010111100
1000101101110010000
0011010011001111100
0110001011001010000
1110001101100110100
1001111001100000000
0101100101001100000
1100100011011000000
1011011010001000000
1100110100000001100
1011101010101010100
1000001111111100100
1000101000010110100
0001001111110110100
1101101000001010000
0110011100000001100
0010110110000101000
0101001001011010000
1101111000100111000
1001100000111000100
0011000111101101100
1110001010101111000
0011000000010111100
0100001010110001100
1110110101001001100
0110000010110011000
1100101110110001100
1001011110100101100
1010111110001100100
0111101001011101000
1100100110011111000
0011101111001100100
1001111100010011100
0110011010101000000
0011001111110001100
0001110011000110000
0110010111101001100
1111100010011011000
1100101001011101100
0100100000010111100
0010100101111000000
1111010101000011100
0001110011111011000
1000010011111111000
0101000110001001100
1001011101011001100
0110011110011100100
1011000010010101000
1101010011010110100
0010100100011100100
0111000101110110100
1010010011110110100
1001110000101000100
0111011100111000100
1011111001110100000
1110000001011100000
1110011011011000100
0100000111000110100
0100011110000100100
0100111001101111000
1000001110101001000
1010000011011000100
1000110011000001100
0111001110011011000
0011111100111010000
0010011110011000000
1110101100010111000
1001001101000001100
1000101101010000100
1010100001111101100
0010000000101111100
1100000101000111000
1001001000110010100
0100101101100100100
1100011101100000000
0100110110101101100
0111101101101010000
0010110101000010100
1111000110111100000
0000110011001011000
1110100110011010100
0110111011100100100
0111100101100111000
0111001010001111100
1110011100101011000
0000000101101101100
1010000001111010000
1110010011010000000
1101101000100001000
0100110000111100000
0110100100101100000
1110010001100001000
0111100000001011000
0101011010111011000
1110000001001101000
0110011101110110000
0001001100110011000
0010011001000101100
1010001010110100000
1101101000000001100
1101010101010111000
0101100011101011100
1101000101011110100
1000000110010011100
0001001111100100000
1000110110111010100
1001010000101011000
1110000110110101100
0000111010001100100
1010110110100111000
1011010100111101000
1101000011100100000
1101110110010011000
0111001100100000000
0011000000011001100
0000011110000001100
0000101011010001000
1000100100110100000
1110010000010001000
0101100101111101100
1001101100001010000
0010101110111101100
0100011000110001000
1110000011111110100
1101101111010011000
1010000001110100000
0001100111100000000
0111010010110111100
0000001010110010100
1111110011100101000
0101001001000110000
0111011101010111000
0100101100001010000
0001100110010010000
0000110001000110100
1001001010010000100
0000100110100101000
1010111110100110100
0100111111000111100
1100010000001100100
0101001010000101000
0000111011010000000
1111111000010101100
1101011110011010100
1111101011110100000
1101001001111111000
1010100000110010000
1010000000100110100
1110110011110010100
1000101101110111100
1110001100100000000
0100111101111110000
1011011011101100100
0101111100011011100
0000010010101001100
0100011111101011100
1011011011100111000
0110110111011110000
0010010100001011000
0100100001110000100
1011011000000100100
1111111011000110000
1111101101001100100
1100101011110110100
1110011101001011100
0100000101110010000
1011100011011101100
0011011000000011000
0111001110011101100
1100111111101000100
1001001010000110000
1110011110001111000
1111001000111111000
1110101011100011100
1111110000111110000
0000111000011000100
0011111001110101100
1100010010000010100
0001110010000010100
0111110010011101100
1001111001101011100
1101000111111101000
1001011111011101000
0111000110000010000
0010001001101000100
0101000101010000100
1101010110011101100
1111011011011001000
1011111101101000100
0101011011110110100
0110110001011111100
0111111100010110100
0110000010000010100
1000010001010010000
0100110110111111100
0011001000000100100
0011111011110011100
0100100001010000100
0100111110111111000
0111111110101010100
1001110111111100100
1011110110111101000
0001010000101010000
1001101100111111100
0001010010000001100
0010000100101010000
0001010011010000000
1001110111111010100
1011011101111100100
1001000100001000100
1010011111111011000
1011101111010001100
0101111011101111000
1111100011111001100
1111001111001110100
1111101100111010100
0110111111011101000
1111111011100010100
0000101000100001100
0101000010001010000
1111100100010111100
0100100000101000100
0001101000010100000
1111011010101101100
1101010011111110100
0000010101001100000
0100000011010100000
1101101110101101100
1000100110000010000
1110000111110111100
1100000100010010000
0000001011001000000
0010111111110111100
1011111101001111100
1111010111101110100
1110110101101111100
0000000000011110000
0111010111111011100
0010000010100010000
1000000111000000000
0000010101010001000
0000000001001110100
1101001111110111100
0000101011000000000
1111111101110101000
1111111111011010000
1000010000000101000
1010111111011011100
0000001111000000000
0000000001110000000
0000010100000000000
1110111111111110100
0010111011011000010
1101101001000100110
0011001110001100110
0110000110010011110
0110010100111000110
0010100110100111010
0000010101011101110
1000011100101011010
1010010011001010110
0111000000011101110
0000110111100101010
1101000110000101110
0111000110001011010
0101110010010101010
1001111110010000010
1110000010110001110
0100101100111010010
1100110110100001010
0101001010010110110
0111001011001001010
0111110000111000010
0110101010011100010
1001011001011010010
1000111100100010110
0111100100101100010
1101110001001000110
1010110001100011010
0110101000100111010
0010110010101101010
0001111000110100110
1101000101110000110
1100000101101011010
0000001011010111110
1100100101010001110
0000011110110100110
0011001101000111010
0000000011111101110
0001110011110000110
1110101001000110010
1001100000001111110
0000110111110010010
0001100101011100110
1111000010010110010
1010011000101010110
0000011011101100110
0000100011011111010
0001010011001111010
0001110100101010110
0000101111111000010
0101001101001010110
0111001001100110010
0101011110100001010
0101101101001100010
0000100100101111110
1010111000110001010
1011101011000000110
1000101110010001110
0110000110110101010
1001110101000010110
1011101001000010110
0010000001111101110
0010010110010101110
0011111000001100110
0100110110000110110
0001011010100011110
0100010011101001110
1100001111010100010
1101111000010100010
1010010101001110010
1011110010010000110
0010001000111110110
1100011000001011110
1100101011110000010
1001001010111010010
0111100010001100110
1110100010001011010
1111000010100011010
1101000000111100110
1111010010101000010
0100001000111101110
0110110010000110110
0001111100100001110
1001100100010011110
1010110001011000110
0001100010111100110
1110001011000010110
1000000101110101110
0011011010001011010
1101001001100101010
0101111000110010010
0011010100101101010
0100110011101010010
1010001110101000110
0011111000101010010
1010001000111110010
0011011000011001110
0100001101100011110
1100011000011101010
1011001101001001010
1100100001010101110
1010111110001010010
0011000111111000110
0001010110111010110
1010011001100100010
1001100011110000010
1110000011100000110
1100010001101001010
0111101100101000110
0011101001011110010
1000101110110000010
0101100110010110110
1110110010001110010
0100011100000011110
1000111010011100110
0101010000001111010
0001101001010011010
1110010100001000110
1010001000010110110
1011010110101000110
1001001011101011010
0101010001011001010
0010110000011011010
1110000011001110110
0000001111110011110
1000111100110101010
0000100111100101010
1000101111001001110
0011100111110010010
1101001101100010110
1100100001111010110
0110011011010010110
0100001010101110010
1111001101000101010
0101110001100110110
1100110100001110110
0111101111000100010
1010101011011010110
0111110111000010110
0000000001011011110
1111101100111000010
0010011110001011110
0101101001001011110
0111000001010000110
0111110110000001110
1011100110011011010
0110010101010100010
1110011001011011010
1000111011011110010
0100010111000001010
0101110100100111110
0100101001000101010
1000001110111111010
1000010101111011110
0100011000000110110
0100101111100110110
1101000010100100010
0001000011010010110
1110001101011001110
0111010001101100110
1000100000011001110
0010111000000011010
0010111101110010110
1011100001010101110
0111101111010001010
1011110100010011110
0110101100111101010
1100110011110011010
1110010100101101110
0000000111100100110
1101011101110000110
1000000011000111010
0001011111101110010
0111001010011111010
0010101011101011110
1011110111000111010
1110101110110110010
0101001110111011110
0101011001000000110
1110100111011101010
0011110110101110110
1010011100111101010
1011100101111110010
0001001010010100010
1101111110101100010
1000100000001101010
1101110111100011010
0001111110011101110
0011000001010100010
1010101101011111010
1100101011101101110
1001011110110111010
0100010010011000010
1101011011101110110
0111111100001111110
0110110101111110110
0111110110111101010
1110011100011111110
1111100011011101110
1110111010111010010
1111110011001011110
0010001100000010010
1111011000111110110
1111111001110010110
1000001000001001010
0000001000101000010
1101101111100011110
1011011101111011110
0111111010111111010
1100011110111111110
0110101011111111110
1100111111110111110
0011111111111110110
0001000010000001010
1011100111111110110
1111111111101001110
1111111110110111010
0000000100010000110
1111111101111111010
1000110001000111110
1010100011000111010
1010100001100110110
1111010000010001110
0011011111000010010
1010011011100001010
1010000101100101110
1001001100111001010
0100011110100110010
0101100011010001110
1011101000100001110
1110010001000111010
0110001011100101010
1001110111001000010
1010000101111010010
1101001110001001010
0110010101101010010
0010111100000101110
1010010110011010010
1010001111100001010
0100110101001101010
0101000110101101010
1101000010011010110
0011101100010011010
1110010000011100110
0111100101001010010
0110011010010110010
0100111000011011010
0000101101001101010
1011101010000011010
1001001001110100110
1100111101010010010
0001110100010101110
0001001101110001110
1110100100100100010
0101101101000001010
1110010111000001010
0011100101010100010
1010010111000100110
1110001100111000010
1110111001010000010
0000001010101110110
1100010100100011010
0010011111111100010
0101101111100100010
1100100000101000110
0110000100110110010
1100011111001011010
1111000001110011010
1000000111101111010
0011111101000001110
1001010011000011010
1001110000000100110
1101111110010100010
0011010100000100110
0011010111010111010
0000110100101100010
0101110111110100110
1010001101000000110
0010111011001101110
1111100111101000010
1001101011100111110
0111010110100111110
0100110011110101110
0111010000100000010
0010111111011101010
1010000001001100010
0010101101110111110
1011111011010111010
1100010000000001010
1100100000100000010
1100010111111001110
0111011111110100010
1001100111110111110
1011111101011100110
1111000110111110110
0010000001010000010
1001101111011111110
1011111111100110110
0000000010000010010
1100010000101100111
0100010110000111111
1111000010000111001
0101001011110001001
0011011011011010001
1010101011011000011
1111000001101110001
1001111000110100011
0011111000000111101
0110101000110010111
0001011000101011011
0111110100000110001
1011100111000001101
1001011101000001111
0110110101110100001
1001011100001111001
0010111100001101101
0000001101111100011
1100100101011001011
1001111010100101001
0110001011011000011
1001001001010101101
1000001010101011111
1011011100000010011
1110011010110001001
0010101110110000111
0100110010110001011
0010010001110101101
1110010011000000111
0001011101111010001
0110101100011100101
0001101101001011101
0110100001100110011
0111101001000100101
0100000011111011011
0110100110001100101
1000110111010110001
1101010011000011001
1011010000010010111
0100000100111111101
1100011000111100011
1010111001100001011
0000111011001001111
0001010000011111111
0011010011101001101
0101110010101100011
0110001111100010011
0101001110001001101
1000001111101110001
1100000100111110101
1101010100000011011
0011110100011001101
1101101010000011101
0001111101001000011
1100001110000110101
1000111000010001111
1110101000100011001
1100100010010100111
0000111011100100101
1010100111010010001
0110010011010100111
0110101101000101101
1101100101000100111
1110000000011010111
0100001100011110111
0010110010101101101
0100111001011100001
0000110010100101111
1000010101100110011
0110100110110001101
0100110001110011101
0010010100111110011
0100110111100001011
0101000010101110101
1110000110001001011
1001001010111000101
1011110100100010001
1101111100010000101
1111000100100110011
1110110101110000001
1010001100001100111
0101001001010111101
0001010101010010111
0001000100101011111
1110000001011011101
0001001111011001001
0000101010110011011
1010100101011000111
1110001010101010011
0001100111010101011
0110010011001110101
1010101000111011001
1101101000001110011
0110100011101011001
0000001111110100101
0101011110001101001
1111001000010101011
0001100101101011011
1011000101110100101
1100101100011010001
0011010101001001011
1100011101001000101
0110001000001011111
1111100000110010011
0001010011100111011
0111000100010111011
0010100100110011111
1000100100110101111
0100111101000011011
1000000110110111101
1010110001100110011
0000011100110111011
1001100101110100001
0100010010101101011
1110001001111100001
1010111000000101101
0010010100101010111
1011100100000101011
1010111000100010111
0101001011001100011
0110111101000101001
1101100011100100101
1010100000111100101
1010001011000111001
1010000110110000111
0001011000111100111
1110011100010010011
1110011111100000001
0000101011101101001
1000100010011111101
1000100011001101011
0011100100010110111
0010110110011110001
0111110110000000111
0010001011110001111
0011000101101100011
0101101000111001101
1011010001101010101
1010011010000110111
1010111001001001011
0010110111001010001
1010001101010011101
0100010011011001011
0011001100111100101
0011001011001101101
0010001111001100011
1001101010011101001
0111100100101011001
0000010111001100111
1011011010010001101
1000101111010001011
0101001100100101101
1111101000000001111
0000111110011010101
0011000111100001111
0110001100100101111
0101001110101001011
0100111000111001001
1011001111100010001
0001101001100100111
1111100001110000101
1101100110010001001
1000011111010100101
1101000000001111111
1101101001010000101
0101110011011000001
0101000111100011001
0011110101001100101
0110101001000110111
1100010010110110001
0000110101110100111
0011000011010010111
0011110110110100001
0100100110010111011
0000110011001110101
0011001110001000011
1011000010100101001
1010011110101011001
1001000011011111101
0100011001000101011
1000110111010010111
0100001100111000011
1000010011101111001
0101101111000000101
1011101110010010101
0111000001110001001
0010010111010100001
1001100110001101111
1111010100010011101
1001010011010000011
0100011111100110101
0010101001011001001
0110100011100111101
1111100101010101001
1000001101011010101
0111000010001101001
0001101010100010111
0101010111011010101
1101110001101100101
1111011011001000101
1011100110101001101
1010110011010101011
0101010110011110011
0001000110001110011
1010010000001111111
1100010101100101111
1001011100100111101
1000011000011010011
0111100110011100011
1100100001100001101
0100111100110000001
0011100010001010101
0110001100010100011
1101110001110011001
1001000101110000101
1001010101000101001
1010110001100111101
0001011110110011101
1011000011001011111
0111010010011011011
1010011000011000101
1100111010100101101
1010001100000111001
0110100111011011011
0011100101000001001
1101101100011110101
0101001000000001111
0000101000111000011
0101101111110010011
1011011110001010111
1110111010000101011
0110111101110010011
1101000011110011111
0101011110111000111
1000111111100011101
0011000100011000011
1100010000010000111
1000100101111011111
0000100010011010101
1110100010111111001
1101011100111010001
0111011001010110111
1000111111011100101
1010110110111000111
0111000010101000001
1100101011011001111
0111100101110101101
1011000000101100001
1011011010011110101
0001010100010110001
0111011001011011011
1010011110101100111
0110000000001110011
0110101011111001111
0100101000001001001
0000010001001100101
0000100101101010001
1101100011011110111
0010011100000000111
0101000000010010011
0101101101100111011
1101111010111100101
1100111011010011101
0111011101101011101
1001111011101001111
1000011001001000011
1110101010110111011
0001100010001010001
0101010111101101111
0110111100110101111
1100111110111011001
1011111111011001001
0001101111110110111
1111110111010100011
0111110111100010111
1011011010111010111
1111001111101010011
0111000101000000001
0000010100010001011
0010000000000001111
1011100111111110001
0000010100001010001
0110001000001000001
1001111101101111011
1110111001011111011
0111101111110111101
1111110111111000111
1111111110011011011
1111011001110111111
0100000001000010101
0000010000100010001
0110110111100111111
0110101111101111111
1111110011011101111
1101100111111011111
1100000000100000001
1011111111101101101
0111111011111111011
1101111111011101111
0011100000001111011
0010100111000001111
0011000110100111101
1100001101100100011
0100110010000011111
1000111010100000111
0011110010110010011
0000111110001011001
1001100000101101011
0011100010010101101
0111111001000000011
1110000101000111101
0101100110110010101
0000011000111111001
1011110000001010101
1001000000111111011
1000000011111100111
1100000101101010111
0100010111000011111
1100110100001110101
1001101110001010001
1100001010110111001
1001110001001010111
1001010010011011101
0001100011010110011
0010101110010111001
1011010000111000011
1100010010111001101
0001011011110110001
1110100100000110111
1111100110000100001
1011001001001110001
0101110001000111011
0000001110001101111
0010111011100010101
1000111110000101111
0110001001000111111
1101110100111001001
0111001000111010101
1100010111000010001
1101101000101011101
1010001010110110111
0000110001101100111
0010101011101010101
0001011110110000011
0010001101011110101
1101000101001000101
0001110111101100001
0101111101010010101
0101111011100010001
1011111100010100001
1100111100010100111
1100011010010100001
0101111100101110001
0101111101101100101
0011100001111110011
0010010101000001101
0111101001011001011
1001011101011100111
0110010101111001101
0111011111010001101
0001011011100000011
0101000100110100011
1011001011110101011
0010101000110010001
0110111111001011001
1101010111101100101
1110110010000000001
1100101111101011001
0011111101001011011
1111110100110001111
0100100010001000011
1111110010101001111
1111011110101000011
1001001101111011111
0001101100000000011
1010100001110111111
1010111000111110101
1001111111000110011
0111111011011110001
1110101111011010101
0101111000101111111
1000010010000010101
0111011110100111011
1000110111111011111
0110011110111101111
0001000000110000101
1111111101111100011
