# A309370 a(17) >= 712: Sidon set in {0,1}^17, found by agent-FunSearch (middle-weight structural priority + ILS)
# 712 vectors, one per line. Verified by verify_sidon (253828 pairwise sums all distinct).
01010111011010010
00100111000111001
11001001011100010
01011010011010001
10011010110110000
01001111100101000
01110110101001000
01101001110100001
10001010101001101
01111100001100100
11001100110011010
11011001100001011
11001000011011100
00110010010110111
11001101100110010
01100010100111001
01011111001010010
10101111101100000
10101001010000111
11011101010010010
10110011011010100
11100001110010001
01001101000011110
11111000010010101
11100110100001100
11111010000001101
01101011010010100
11010101001001011
01100100010111101
00101100011101100
00011001111010100
11100100100010101
00001101011101010
11100010010101100
01001010101011001
10010000111010011
11111001110000100
10110110111100000
00010101111001101
01111000010000111
00110010100111010
10100111001001100
10000001110111110
00111110110011000
10011011111000000
00110001010101101
11001100010110110
10100101000100111
11010011011000110
01101000001110110
11001111101000100
00000111111110000
11010011000101001
10011101010100010
01111000010001111
11010100011010110
10101001101010011
01110010000100111
11010100111100100
10111010100000011
10111110000100001
11001100001011101
00110000110110110
10001011100011110
00111110110010010
01101010100100101
00110111110101000
10001100110111000
10110011110000101
01011010010100111
00111000011101100
11101100010001001
10111101010010000
10000011100110101
01001110100011010
00010110011001101
11000001110101110
11110001001001010
00010101110110101
01101100001110011
01111000100000111
01001111011010001
00001010111100111
01011110100010010
00111100100111010
01001100110110011
00110110111001001
00011001101110010
01101110110000110
10101011100110010
10001101001011010
11010111010011000
10011100011110001
00001111001010111
10001111100101100
00001001100111101
01001000101111010
11110001100100011
11001100011010110
10011010000011110
11101010001011001
01001011101110100
00001110111001110
00100001111100110
01001110110001101
10111110110000001
11010011111000100
10000101101110010
11110100101000101
11110011110000000
11010110110001010
10001011111101000
00001101001010111
01111000101110000
01101011111000000
11100000100011011
11101010011000011
11101011100001010
11100011001111000
00110100010111011
01011100010011001
11000011110010011
11011001011000011
00110110001110110
01010010111100010
00100011010010111
10101111000100010
01010110011010001
10011101001011100
00111001101010001
11101010100111000
11010011100100001
00001001101110110
11100101101110000
10011111010001000
00100001110111001
01000111011100110
11011100001001010
01001011011001110
00101100101010111
01000111000010111
11010011000000111
10010110000101111
10001001101101010
10001011000111110
00001111110011000
10001110101100101
01000111101100101
00110011100101110
00100100110111010
01100111011010010
00111010001101010
00101101011100010
11000010011011011
00011111010001101
00100001101111110
10110100101110100
10001110101011000
10010000111100111
10100001011110101
11010011101101000
11001010111100010
11001110001001100
11010111000100001
01011100000101110
01101001101101001
00101011100111000
01101110000101110
01111000001011011
10011111011100000
01110100001101001
11011101010010001
10110100100110011
10101101110010010
11100000101010011
01111100010100100
11000100101101010
10110011000011010
11000000011001111
01001011110001110
10101110101001000
11001100101000111
11101111000000110
11101110011010000
01101110001100101
00101010101101100
01011010001011011
00110101100101101
10010100100101111
10010100010100111
00101010110100110
00011111000110001
01100010110010011
01110100011111000
11111011101000000
10111001001100010
00010001111100101
00111110110001000
00000111010111110
11011100010110001
00101111111000000
01101010010010110
11111101000000001
10010111000111000
01010011010010101
10010010010011011
01101100101001001
01111001010110001
10111000101011001
00101011101001010
10100111100001010
00101110111000100
01100100010111100
11110000101010010
10001011110001110
01101000100101110
01110101010000011
01110111100100010
10111001101000011
10100010101001111
00010010110101101
11011100101100001
00111001100100011
01001110101111000
10110100101001001
00001011100101111
01101010101111000
10000111010110010
00001001011001111
01110111000011010
00110010010011111
01000010111011101
00011100011010011
00011011100011010
11011001001100101
10110001100001110
01100001100110101
01010011010110001
01010011001111100
11010111000011000
11100010001001101
10111101101001000
10010000111011100
11000101011001001
11000111101100001
10001001010011111
01010101100111100
01110010100010101
01100110010001110
11100011001000110
00101001101011101
10110001100011100
00011000100011111
00110010001101111
01100110101000101
10111000011000110
00101110011011010
00001001011011011
01101101010010110
00110101110000110
01011011001100100
01001100101110001
01011000000111111
00011110011000110
01001001101101100
11100101011000110
11011010110000011
01011011101010100
10011011010101100
11000100101001011
00111101011100001
11000110011000011
11011000011101100
10110000010101101
10001101100001111
10110010011000110
01110011000100111
00100110011111010
01100101110001001
01010111001100110
10000001111111000
10000110111100100
11110100000011100
01110111000001101
01011010111001001
01101011010110001
00111011011100001
11010110110000100
10100111000111100
11000011001011010
00000110111100011
10000101011110011
00111000101100111
10100001010110011
10000101011101010
00010110110101010
01000110110010110
10110100001110010
00101101000110101
01110001011001010
00000110111101010
10100010100110110
10100110110100011
00011111001000101
00111010010011011
00001111011001011
00111101001010110
11100011101001001
01010101110111000
01101000111010101
01001101110100010
00001110100111110
10101001110101001
00111001101001110
00100110010111100
10000010110010111
00101111000011110
11110010101001001
00000110011111110
00010100011110101
01011101001010110
01010101001001011
00010100011101011
11101010100010011
10010100110110100
10001000111011101
11001010010111000
10001010001100111
10101011000011100
11111101100100000
10100111000100101
01101101000101011
00010011111101001
10011001000011110
01111001010000110
11011100110011000
10010001011011100
10101010010110011
00101101011011100
11101100011100000
10100100111000101
11011000100101110
01000001111110100
10110001010111000
00111011101010010
00111001111001100
00011110000100111
11010010110111000
00010111001101110
00010001101010111
10111100101100010
00111100011010101
01011000100011101
01101100101110010
00111101001011000
01110011100011000
00100011111001011
11011100111000001
01011010101101100
00010111001010011
00010110100011011
00001101011101101
00001110110100101
01000001001111101
11111001010100010
10010010000110111
11100100011011010
00101110010101110
10010011001111001
00001011110010111
01111010000110010
00111010100010101
11010110101010001
11000101100101101
10000110011110101
11011010100010100
01111010010111000
10100101110011000
10010111010011100
01010010001111010
01010100111001110
01100001011100110
01110110101100100
11100001010101101
11000100111010110
01001110000100111
00000111111000101
00100111101001100
10001011001110011
11100010011001110
10110110101010100
01010101010100110
10010010110110011
01100011001110010
11001010010101001
00001000111111101
11011110100000010
00101000111001011
10011010011001001
10010001110101010
10100011010101011
01000011011110011
11010111001000100
01100000011110101
10101110010001101
00001000101101111
00110010111010100
10111101000001100
10011001110110100
00101001011011010
00010111101001101
00110101100000111
10111110000010001
11011110101010000
01010101110100011
01010001000011111
01100100011111000
11010100011101010
00111100011001110
01110001101000101
10010101100011011
01110101100010001
10000110001011101
01011000101100011
11010101001011000
00111110000101011
00100011011011101
10100101111010100
11000111010100011
10100010011111010
11000011110100010
01011001110101100
10010101110010110
10110010011100110
01101111001100000
00010101110001111
10010100001011111
10001111000010101
11100010101000011
10001100011010110
00001111010010011
11110101001001001
10000001011101111
10110111100000011
11110001011010001
01100110010101001
11001011100010001
00101111001100110
01100001000111111
00110010101000111
00011010000111011
10101100111001010
10001100000111110
01011111110000001
01000101110001110
10010100001101100
01101001010100010
00011010111000010
11101011101100100
10011110111100001
10110010100101111
10001011011100100
00110100110011111
01100010110010100
11100011011001101
10011110011000000
01011001010011000
11001000110110000
10110110100010000
11001101000000011
10111010101010101
10000011111111001
10001010000101101
00010011111101101
11011010000010100
01100111000000011
00101101100001010
01010010010110100
11011110001001110
10011000001110001
00110001111011011
11100010101011110
00110000000101111
01000010101100011
11101101010010011
01100000101100110
11001011101100011
10010111101001011
10101111100011001
01111010010111010
11001001100111110
00111011110011001
10011111000100111
01100110101010000
00110011111100011
00011100110001100
01100101111010011
11111000100110110
11001010010111011
01001000000101111
00101001011110000
11110101010000111
00011100111110110
10000100111111110
01010001100010011
10010111010110011
01100111100111001
10110000100101010
11010100110101101
00101001000111001
01110001011101101
10100100111101101
10011100001010001
01110111001110001
10111110011101000
11100000010111000
11100110110110001
01000001110001101
01000111100001001
01001110011011110
10000011101010010
10100000110110001
10001100110000011
01110011100110110
00111111001110100
00100111100110000
11101011000101110
10010011010000011
10001011010100001
10101000011111011
00100000001011111
11000001010001110
10010010001100101
01001011011001001
11000111011000000
01001101101011011
01111011011010100
00101101010000101
11110001101111000
00001100110010110
11101001100110101
01101110111001001
01111001011001110
01110010100011111
11100111001010110
00000001011011011
10100000011110100
11100100110100000
11011010001000010
01001100001111000
01101001001011000
11100100011000010
01111000000010110
01010110101110110
11100000010011010
01100111011101100
00010011001100110
00100110010001011
10100010101101000
11011010000000011
11010101010101110
01011000111010111
11010001010111101
10000001100100111
00010011111001000
10001101101110101
10010100001010110
11100001101101011
00001110100011001
10101101101001110
10110101001111010
11010000111001000
11011101100100110
01110011001000000
00110000000110011
00000111100000011
00001010110100010
10001001001101000
11100100000100010
01011001011111011
10011011000010100
00101011101111011
01000110001100010
11100000111111101
11011011110100110
10100000011101000
00011001111000000
01110100101101111
00000010101100101
11111100111001010
01010010010001100
01110111010101110
01001011000010100
00011001100100100
00001100010001101
10010010100100001
00001001101001010
10101111101001101
01001111110001111
11000100000011001
01010010100001010
00001110110100000
11111110000101011
11010111100110101
11111010111101000
11010010011111110
10101000001100100
10100000001001101
11101100111100101
10001011011101111
11100011001000000
01001111011111100
10110110111011001
01011111000110111
00000100101010011
01000111111010111
10110110111001110
01101101110111100
00100101000010110
01001000011100001
10110110000001001
11111110110001100
11111011010011001
11001010111101101
11100111010010111
01000001011100100
10111000110111011
00110110000000110
01110011100111011
11001111111010001
10010010100001100
11100111100011110
11110010001111110
11101010111000111
11111100001111100
00001110000110001
00111110011101011
11000100100000101
00011100100000101
01111100100111011
10011110011010111
11010001111111010
10010111110111010
01110001100000100
00100010011010001
01010001010100001
11010101100111011
11110110110110010
10111111011010001
01010110111101101
01101100010111111
01111111000101101
01100000100000101
10000100010100100
01001101101111111
00110010000001001
00111110111100111
01001000010100001
01001111101111110
01111111101010101
10011101111111001
10111101101111010
00010100001010100
10011011001111111
00010100100000011
00100001001010100
00010100110100000
10011101111110101
10110111011111001
10010001000010001
10100111111110110
10111011110100011
01011110111011110
11111000111110011
11110011110011101
11111011001110101
01101111110111010
11111110111000101
00001010001000011
01010000100010100
11111001000101111
01001000001010001
00011010000101000
11110110101011011
11010100111111101
00000101010011000
01000000110101000
11011011101011011
10001001100000100
11100001111101111
11000001000100100
00000010110010000
00101111111101111
10111111010011111
11110101111011101
11101101011011111
00000000000111100
01110101111110111
00100000101000100
10000001110000000
00000101010100010
00000000010011101
11010011111101111
00001010110000000
11111111011101010
11111111110110100
10000100000001010
10101111110110111
00000011110000000
00000000011100000
00000101000000000
11101111111111101
