0 4
0 6
0 8
0 11
0 12
0 13
0 17
0 18
0 24
1 2
1 9
1 12
1 13
1 16
1 17
1 19
1 21
1 22
2 3
2 5
2 10
2 12
2 15
2 17
2 22
2 23
3 6
3 7
3 8
3 12
3 16
3 19
3 20
3 25
4 6
4 7
4 11
4 12
4 17
4 24
4 25
5 10
5 14
5 15
5 16
5 19
5 20
5 23
6 10
6 13
6 15
6 24
6 25
7 8
7 12
7 14
7 20
7 21
7 25
8 9
8 11
8 18
8 22
8 23
9 10
9 15
9 16
9 18
9 19
9 22
10 11
10 15
10 17
10 24
11 17
11 18
11 21
11 25
12 17
12 22
13 14
13 16
13 20
13 21
13 24
14 18
14 20
14 21
14 23
15 19
15 24
16 19
16 25
18 22
18 23
19 25
20 21
20 23
21 24
22 23
