0 1
0 2
0 3
0 8
0 10
0 12
0 13
0 16
0 17
1 5
1 6
1 11
1 12
1 17
1 19
1 22
1 24
2 4
2 9
2 12
2 15
2 17
2 20
2 21
2 22
3 4
3 5
3 8
3 17
3 18
3 19
3 23
3 25
4 5
4 6
4 7
4 12
4 23
4 24
4 25
5 9
5 14
5 15
5 16
5 19
5 20
6 8
6 12
6 13
6 19
6 23
6 24
6 25
7 8
7 9
7 11
7 12
7 14
7 20
7 21
7 25
8 10
8 13
8 18
8 22
8 23
9 11
9 15
9 16
9 17
9 18
9 22
10 13
10 15
10 16
10 17
10 18
10 21
10 24
11 14
11 17
11 21
11 22
11 25
12 17
12 24
13 14
13 16
13 21
13 24
14 18
14 20
14 21
14 23
15 16
15 19
15 20
15 24
16 19
16 25
18 19
18 22
18 23
19 25
20 21
20 22
20 23
21 24
22 23
