0 4
0 5
0 7
0 9
0 11
0 12
0 17
0 18
0 21
1 2
1 5
1 7
1 8
1 10
1 12
1 13
1 17
1 22
2 3
2 4
2 8
2 9
2 12
2 15
2 17
2 22
3 4
3 8
3 14
3 16
3 17
3 19
3 23
3 25
4 6
4 7
4 12
4 23
4 24
4 25
5 9
5 10
5 14
5 15
5 16
5 19
5 20
6 9
6 11
6 12
6 13
6 15
6 19
6 24
6 25
7 11
7 12
7 14
7 20
7 21
7 25
8 10
8 13
8 18
8 22
8 23
9 11
9 15
9 17
9 18
10 13
10 14
10 16
10 21
10 24
11 17
11 18
11 22
11 25
12 17
12 24
13 14
13 16
13 21
13 24
14 20
14 21
14 23
15 16
15 19
15 20
15 24
16 19
16 25
18 19
18 22
18 23
19 25
20 21
20 22
20 23
21 24
22 23
