0 4
0 7
0 8
0 9
0 10
0 12
0 13
0 16
0 17
1 3
1 5
1 6
1 8
1 11
1 12
1 17
1 19
1 24
2 4
2 9
2 11
2 12
2 15
2 17
2 21
2 22
2 23
3 5
3 7
3 9
3 18
3 19
3 20
3 22
3 24
4 5
4 6
4 12
4 22
4 23
4 24
4 25
5 9
5 14
5 15
5 16
5 19
5 20
6 8
6 9
6 13
6 19
6 23
6 24
6 25
7 12
7 14
7 16
7 19
7 20
7 21
7 25
8 10
8 13
8 17
8 18
8 22
8 23
9 15
9 16
9 17
9 18
10 13
10 14
10 15
10 17
10 18
10 21
10 23
11 12
11 14
11 17
11 19
11 21
11 22
11 25
12 14
12 17
12 24
13 14
13 15
13 16
13 21
13 24
14 16
14 20
14 21
15 16
15 18
15 24
15 25
16 19
16 25
17 20
18 19
18 22
18 23
18 25
19 25
20 21
20 22
20 23
21 24
22 23
