0 4
0 6
0 7
0 8
0 9
0 10
0 12
0 15
0 16
0 17
0 21
1 3
1 5
1 6
1 8
1 11
1 12
1 15
1 17
1 19
1 24
2 3
2 6
2 7
2 9
2 12
2 13
2 17
2 21
2 22
2 23
3 5
3 7
3 9
3 18
3 19
3 20
3 22
3 24
4 5
4 6
4 12
4 19
4 20
4 22
4 23
4 24
4 25
5 8
5 9
5 15
5 16
5 19
5 20
5 21
6 8
6 13
6 19
6 23
6 24
6 25
7 10
7 12
7 14
7 16
7 20
7 21
7 25
8 10
8 13
8 17
8 18
8 22
8 23
9 11
9 15
9 16
9 17
9 18
10 13
10 14
10 17
10 18
10 21
10 23
11 12
11 14
11 17
11 19
11 21
11 22
11 25
12 14
12 17
12 24
13 14
13 15
13 16
13 21
13 24
14 15
14 16
14 20
14 25
15 16
15 24
15 25
16 23
16 24
17 20
18 19
18 20
18 22
18 23
18 24
19 21
19 23
20 22
20 25
21 25
22 23
22 25
