# B_3 set in {0,1}^12, size 46 (b3-binary). Generated from the Vela record.
010010000000
001011100000
001111010000
000100110000
110010110000
100110110000
111001110000
011100001000
100000101000
110111101000
001111111000
110011000100
111010110100
000110101100
111010011100
000010111100
110001000010
000111000010
100100110010
011001110010
011110101010
010000111010
010100111010
100000100110
100101010110
111011010110
001001011110
111111011110
101001101001
010000011001
111011111001
011001010101
010101110101
101000001101
111101011101
100101111101
111000100011
010100100011
010110010011
101110001011
010011101011
101011011011
001110111011
001000010111
110011110111
011101101111
