# B_3 set in {0,1}^11, size 36 (b3-binary). Generated from the Vela record.
11110001000
10111001000
11110111000
00010000100
00001100100
01001010100
10101010100
11000000010
11010000010
11010010010
10111110010
00000001010
01000101010
00011011010
01111011010
00100101110
10010101110
01011011110
10011100001
01100010001
00000110001
01011101001
10110011001
01110111001
11001111001
11010001101
10001101101
01101011101
00111011101
11001100011
11101100011
00011100011
00001001011
00111100111
00100011111
11100111111
